Title : Template:Attached KML/Interstate 495 (North Carolina)
Text : <?xml version="1.0" encoding="UTF-8"?>
<kml xmlns="http://www.opengis.net/kml/2.2" xmlns:gx="http://www.google.com/kml/ext/2.2" xmlns:kml="http://www.opengis.net/kml/2.2" xmlns:atom="http://www.w3.org/2005/Atom">
<Document>
	<name>Interstate 87 (North Carolina).kml</name>
	<Style id="line-1267FF-5000-nodesc-normal">
		<LineStyle>
			<color>ff0000ff</color>
			<width>5</width>
		</LineStyle>
	</Style>
	<Style id="line-1267FF-5000-nodesc-highlight">
		<LineStyle>
			<color>ff0000ff</color>
			<width>7.5</width>
		</LineStyle>
	</Style>
	<StyleMap id="line-1267FF-5000-nodesc">
		<Pair>
			<key>normal</key>
			<styleUrl>#line-1267FF-5000-nodesc-normal</styleUrl>
		</Pair>
		<Pair>
			<key>highlight</key>
			<styleUrl>#line-1267FF-5000-nodesc-highlight</styleUrl>
		</Pair>
	</StyleMap>
	<Placemark>
		<name>Interstate 87</name>
		<styleUrl>#line-1267FF-5000-nodesc</styleUrl>
		<LineString>
			<tessellate>1</tessellate>
			<coordinates>
				-78.60014,35.75543,0 -78.60003,35.75539,0 -78.59989,35.75533,0 -78.59923000000001,35.75499,0 -78.59869999999999,35.7547,0 -78.59817,35.75442,0 -78.59775,35.75421,0 -78.59734,35.75402,0 -78.59705,35.75391,0 -78.59677000000001,35.7538,0 -78.59644,35.75369,0 -78.59611,35.75359,0 -78.596,35.75356,0 -78.59598,35.75356,0 -78.59595,35.75355,0 -78.59593,35.75354,0 -78.59584,35.75352,0 -78.59551999999999,35.75344,0 -78.59531,35.75339,0 -78.5951,35.75335,0 -78.59481,35.7533,0 -78.59452,35.75325,0 -78.59426000000001,35.75322,0 -78.59403,35.75321,0 -78.59384,35.75319,0 -78.5936,35.75318,0 -78.5933,35.75317,0 -78.59292000000001,35.75316,0 -78.59264,35.75317,0 -78.59198000000001,35.75319,0 -78.59143,35.75321,0 -78.59088,35.75322,0 -78.59023000000001,35.75323,0 -78.58958,35.75324,0 -78.58877,35.75324,0 -78.58808000000001,35.75323,0 -78.58753,35.75323,0 -78.587,35.75324,0 -78.5866,35.75326,0 -78.58608,35.75329,0 -78.58587,35.75331,0 -78.58562999999999,35.75333,0 -78.58517000000001,35.75339,0 -78.58453,35.75348,0 -78.58450999999999,35.75348,0 -78.584,35.75358,0 -78.58367,35.75366,0 -78.58320000000001,35.75377,0 -78.58279,35.75389,0 -78.58278,35.75389,0 -78.5826,35.75394,0 -78.58253000000001,35.75396,0 -78.58249000000001,35.75398,0 -78.58190999999999,35.75419,0 -78.58065000000001,35.75474,0 -78.58015,35.75499,0 -78.57966999999999,35.75527,0 -78.57871,35.7559,0 -78.5782,35.7563,0 -78.57767,35.75675,0 -78.57749,35.7569,0 -78.57722,35.75717,0 -78.57693,35.75747,0 -78.57643,35.75809,0 -78.57599999999999,35.75865,0 -78.57532999999999,35.7598,0 -78.57517,35.76014,0 -78.57498,35.76057,0 -78.57481,35.76109,0 -78.57471,35.76139,0 -78.5746,35.76177,0 -78.57452000000001,35.76213,0 -78.57449,35.76227,0 -78.57447000000001,35.7624,0 -78.57445,35.76258,0 -78.57442,35.76281,0 -78.5744,35.76304,0 -78.57438,35.76332,0 -78.57433,35.76403,0 -78.57429,35.76462,0 -78.57414,35.76749,0 -78.57413,35.76763,0 -78.57413,35.76764,0 -78.57411999999999,35.76774,0 -78.57411999999999,35.76775,0 -78.5741,35.76807,0 -78.57395,35.77046,0 -78.57392,35.77105,0 -78.57383,35.77226,0 -78.57380000000001,35.77267,0 -78.57369,35.77397,0 -78.57353999999999,35.77676,0 -78.57351,35.77677,0 -78.5735,35.77678,0 -78.57349000000001,35.77678,0 -78.57348,35.77679,0 -78.57348,35.7768,0 -78.57347,35.7768,0 -78.57346,35.77682,0 -78.57346,35.77683,0 -78.57344999999999,35.77684,0 -78.57344000000001,35.77688,0 -78.57342,35.77698,0 -78.57342,35.77699,0 -78.57341,35.77712,0 -78.57339,35.77724,0 -78.57335,35.77741,0 -78.57332,35.77753,0 -78.57329,35.77763,0 -78.57326,35.77772,0 -78.57321,35.77785,0 -78.57317,35.77794,0 -78.57312,35.77804,0 -78.57304999999999,35.77816,0 -78.57292,35.77835,0 -78.57281,35.77849,0 -78.57268999999999,35.77864,0 -78.57252,35.77882,0 -78.57234,35.77897,0 -78.57214999999999,35.77913,0 -78.57195,35.77927,0 -78.57171,35.77941,0 -78.57151,35.77952,0 -78.57137,35.77958,0 -78.57125000000001,35.77963,0 -78.57111999999999,35.77968,0 -78.57098999999999,35.77972,0 -78.57086,35.77976,0 -78.57071999999999,35.7798,0 -78.57053000000001,35.77984,0 -78.57029,35.77987,0 -78.57008999999999,35.7799,0 -78.56988,35.77992,0 -78.56963,35.77994,0 -78.56944,35.77994,0 -78.56922,35.77993,0 -78.56908,35.77992,0 -78.56904,35.77993,0 -78.56894,35.77994,0 -78.56753,35.77977,0 -78.56706,35.77969,0 -78.56686999999999,35.77965,0 -78.56668999999999,35.7796,0 -78.56648,35.77954,0 -78.56628000000001,35.77947,0 -78.56332,35.77841,0 -78.56189000000001,35.7779,0 -78.5617,35.77783,0 -78.56089,35.77754,0 -78.5607,35.77748,0 -78.56041,35.77737,0 -78.55916000000001,35.77698,0 -78.55678,35.77622,0 -78.55551,35.77583,0 -78.55499,35.77566,0 -78.55425,35.77543,0 -78.55374999999999,35.77528,0 -78.55329,35.77515,0 -78.55298999999999,35.77506,0 -78.5522,35.77481,0 -78.55146000000001,35.77459,0 -78.55106000000001,35.77448,0 -78.55072,35.77439,0 -78.55013,35.77425,0 -78.54949000000001,35.77409,0 -78.54925,35.77403,0 -78.54901,35.77397,0 -78.54875,35.77391,0 -78.54841,35.77384,0 -78.54779000000001,35.77371,0 -78.54705,35.77357,0 -78.54631999999999,35.77344,0 -78.54555999999999,35.77332,0 -78.5448,35.77321,0 -78.54421000000001,35.77314,0 -78.54353,35.77306,0 -78.54300000000001,35.773,0 -78.54286,35.77298,0 -78.54282000000001,35.77298,0 -78.54254,35.77295,0 -78.54187,35.7729,0 -78.54048,35.77281,0 -78.53915000000001,35.77273,0 -78.53752,35.77264,0 -78.53691000000001,35.77259,0 -78.53631,35.77253,0 -78.53569,35.77245,0 -78.53542,35.7724,0 -78.53507999999999,35.77234,0 -78.53447,35.7722,0 -78.53403,35.77208,0 -78.53359,35.77195,0 -78.53292999999999,35.77173,0 -78.53243999999999,35.77154,0 -78.53198,35.77134,0 -78.53163000000001,35.77117,0 -78.53060000000001,35.77065,0 -78.53013,35.7704,0 -78.52967,35.77016,0 -78.52955,35.7701,0 -78.52892,35.7698,0 -78.52856,35.76964,0 -78.5282,35.76948,0 -78.52772,35.7693,0 -78.52731,35.76916,0 -78.52679000000001,35.769,0 -78.52657000000001,35.76894,0 -78.52625999999999,35.76885,0 -78.52573,35.76873,0 -78.52526,35.76864,0 -78.52479,35.76856,0 -78.52422,35.76848,0 -78.52352999999999,35.76842,0 -78.52251,35.76834,0 -78.52137,35.76825,0 -78.52134,35.76825,0 -78.52121,35.76824,0 -78.51900999999999,35.76807,0 -78.51517,35.76778,0 -78.51306,35.76763,0 -78.51236,35.76758,0 -78.51164,35.76753,0 -78.51074,35.76749,0 -78.50955999999999,35.76744,0 -78.50903,35.76742,0 -78.50787,35.76739,0 -78.50704,35.76738,0 -78.50645,35.76736,0 -78.50641,35.76736,0 -78.50223,35.76735,0 -78.50176999999999,35.76736,0 -78.50075,35.76736,0 -78.49829,35.76734,0 -78.49767,35.76734,0 -78.49442999999999,35.76733,0 -78.4931,35.76732,0 -78.49102999999999,35.76732,0 -78.4902,35.76731,0 -78.48966,35.7673,0 -78.48913,35.76728,0 -78.48862,35.76724,0 -78.48824,35.76721,0 -78.48778,35.76716,0 -78.48733,35.7671,0 -78.4872,35.76708,0 -78.48718,35.76708,0 -78.48701,35.76706,0 -78.48697,35.76705,0 -78.48689,35.76704,0 -78.48632000000001,35.76694,0 -78.48578999999999,35.76684,0 -78.48577,35.76683,0 -78.48501,35.76667,0 -78.4841,35.76643,0 -78.48313,35.76616,0 -78.48293,35.76611,0 -78.48173,35.76575,0 -78.48135000000001,35.76564,0 -78.48096,35.76554,0 -78.48053,35.76544,0 -78.48004,35.76535,0 -78.47956000000001,35.76527,0 -78.47909,35.76521,0 -78.47865,35.76516,0 -78.47821999999999,35.76514,0 -78.47763,35.76511,0 -78.47731,35.76511,0 -78.47698,35.76511,0 -78.47648,35.76513,0 -78.47598000000001,35.76517,0 -78.47537,35.76523,0 -78.47477000000001,35.76532,0 -78.47393,35.76548,0 -78.47018,35.76631,0 -78.46984999999999,35.76638,0 -78.46817,35.76676,0 -78.46709,35.767,0 -78.46538,35.76739,0 -78.46510000000001,35.76746,0 -78.46507,35.76746,0 -78.46408,35.76768,0 -78.46201000000001,35.76815,0 -78.46098000000001,35.76838,0 -78.46003,35.7686,0 -78.45887,35.76886,0 -78.45729,35.76921,0 -78.45623999999999,35.76945,0 -78.45506,35.76972,0 -78.45388,35.76999,0 -78.45347,35.7701,0 -78.4533,35.77015,0 -78.45310000000001,35.7702,0 -78.45289,35.77027,0 -78.45261000000001,35.77036,0 -78.45211999999999,35.77055,0 -78.45175,35.77071,0 -78.45139,35.77089,0 -78.4511,35.77104,0 -78.45086000000001,35.77118,0 -78.45041999999999,35.77146,0 -78.44994,35.7718,0 -78.44920999999999,35.77238,0 -78.44884999999999,35.77273,0 -78.44852,35.77308,0 -78.44822000000001,35.77345,0 -78.4479,35.77391,0 -78.44775,35.77413,0 -78.44761,35.77438,0 -78.44723999999999,35.775,0 -78.44685,35.7757,0 -78.44665000000001,35.77605,0 -78.44607999999999,35.777,0 -78.44561,35.77786,0 -78.44525,35.77848,0 -78.44481,35.77916,0 -78.44450000000001,35.77959,0 -78.44422,35.77993,0 -78.4439,35.78028,0 -78.44354,35.78062,0 -78.44314,35.78098,0 -78.4427,35.78133,0 -78.44239,35.78156,0 -78.44096,35.78257,0 -78.44065999999999,35.78278,0 -78.44058,35.78284,0 -78.44041,35.78295,0 -78.43988,35.78331,0 -78.43847,35.78424,0 -78.43828999999999,35.78436,0 -78.43675,35.78545,0 -78.43635,35.78571,0 -78.43617,35.78582,0 -78.43589,35.78603,0 -78.43562,35.78623,0 -78.43537000000001,35.78643,0 -78.43514999999999,35.78662,0 -78.43469,35.78704,0 -78.43447,35.78731,0 -78.43431,35.78752,0 -78.43419,35.78766,0 -78.4341,35.78778,0 -78.43398999999999,35.78794,0 -78.43380999999999,35.78819,0 -78.43346,35.78876,0 -78.43302,35.78966,0 -78.43283,35.79026,0 -78.43277,35.79044,0 -78.43266,35.79101,0 -78.43252,35.79197,0 -78.43237000000001,35.79296,0 -78.43217,35.79412,0 -78.43201000000001,35.79512,0 -78.43195,35.79551,0 -78.43185,35.79615,0 -78.43174999999999,35.7967,0 -78.43171,35.79695,0 -78.43167,35.79719,0 -78.43158,35.79771,0 -78.43151,35.79809,0 -78.43149,35.79816,0 -78.43147,35.79824,0 -78.43129999999999,35.79886,0 -78.43120999999999,35.79913,0 -78.43105,35.79957,0 -78.43091,35.79994,0 -78.43077,35.80027,0 -78.43066,35.8005,0 -78.43049999999999,35.8008,0 -78.43022999999999,35.80125,0 -78.43007,35.80149,0 -78.42988,35.80176,0 -78.42955000000001,35.80219,0 -78.42939,35.80239,0 -78.42937999999999,35.80241,0 -78.42919000000001,35.80262,0 -78.42885,35.80299,0 -78.42831,35.80351,0 -78.42809,35.80371,0 -78.42798000000001,35.8038,0 -78.42773,35.80401,0 -78.42771999999999,35.80402,0 -78.42748,35.8042,0 -78.42744,35.80423,0 -78.42743,35.80424,0 -78.4273,35.80434,0 -78.42726,35.80437,0 -78.42682000000001,35.80465,0 -78.42596,35.80517,0 -78.42524,35.80555,0 -78.42505,35.80564,0 -78.42492,35.80569,0 -78.42471999999999,35.80578,0 -78.42364000000001,35.80625,0 -78.42287,35.80655,0 -78.42268,35.80663,0 -78.42241,35.80675,0 
			</coordinates>
		</LineString>
	</Placemark>
</Document>
</kml>
