Title : Template:Attached KML/North Brookfield Railroad
Text : <?xml version="1.0" encoding="UTF-8"?>
<kml xmlns="http://earth.google.com/kml/2.2">
<Document>
  <name>North Brookfield Railroad</name>
  <description><![CDATA[]]></description>
  <Style id="style1">
    <LineStyle>
      <color>FFCC33CC</color>
      <width>5</width>
    </LineStyle>
  </Style>
  <Placemark>
    <name>North Brookfield Railroad</name>
    <description><![CDATA[]]></description>
    <styleUrl>#style1</styleUrl>
    <LineString>
      <tessellate>1</tessellate>
      <coordinates>
        -72.04759837032336,42.22436865186469,0
        -72.05067223589875,42.22454002708892,0
        -72.05133470034825,42.22453983753564,0
        -72.05282547719335,42.22432140930309,0
        -72.05344828524326,42.22420592100564,0
        -72.05406770567248,42.22418571884337,0
        -72.05478778435999,42.2242331079072,0
        -72.05542353413421,42.22436110068142,0
        -72.05594211153608,42.22454307151995,0
        -72.05696318075056,42.22517046857742,0
        -72.0593310692928,42.22695566373596,0
        -72.06860745073307,42.24113164078191,0
        -72.06884521305742,42.24154189314353,0
        -72.06896586086442,42.2419750678235,0
        -72.06894374476589,42.24249485568433,0
        -72.06851727301782,42.24459146742443,0
        -72.06848129471541,42.2450305243187,0
        -72.06854209331719,42.24543124375793,0
        -72.06874875963692,42.24616340837351,0
        -72.06901575474417,42.24703718738707,0
        -72.06905399742122,42.24735790825644,0
        -72.06902495997952,42.24768627084832,0
        -72.06893398819497,42.24818456078814,0
        -72.0687811219278,42.2488661241907,0
        -72.06843338235765,42.24973505682365,0
        -72.06801622172137,42.25055659902161,0
        -72.06792359571728,42.25095227981306,0
        -72.06787603724149,42.25148317743587,0
        -72.06791073419895,42.25197618977811,0
        -72.06801908049047,42.25238247465046,0
        -72.06977874799574,42.25708476499916,0
        -72.07024094440762,42.25788571767675,0
        -72.07238245403362,42.26045214765448,0
        -72.0727606407261,42.26103398557033,0
        -72.07344754103104,42.26236334907709,0
        -72.07389381505402,42.26318507248545,0
        -72.07408181275147,42.26374745428482,0
        -72.07440691242982,42.26504218323961,0
        -72.07456827063228,42.2655251439307,0
        -72.07490660440165,42.2660039480427,0
        -72.07532634396526,42.26645212391319,0
        -72.07567670657396,42.26677725395613,0
        -72.07627713260362,42.26717318578019,0
        -72.07690006663563,42.26746711852892,0
        -72.0797775972643,42.26853351804935,0
        -72.08042831610577,42.2686250226963,0
        -72.08145596828005,42.2686818724465,0 
      </coordinates>
    </LineString>
  </Placemark>
</Document>
</kml>
