Title : Template:Infobox song contest/ABU TV Song Festival 2014
Text : <imagemap>
File:ABU_TV_Song_Festival_2014_map.svg|{{{size|299px}}}|frameless

poly 278 220 283 206 277 206 271 189 273 178 273 170 281 174 289 168 294 161 300 154 319 160 323 157 329 157 331 151 335 148 341 154 341 158 349 157 365 158 367 162 348 162 345 165 347 181 335 184 341 189 335 202 329 206 320 206 316 209 319 219 313 222 [[Afghanistan in the ABU TV Song Festival]]
poly 416 215 399 204 397 196 405 193 396 178 387 173 380 175 367 160 363 149 354 146 352 142 357 133 367 131 381 120 390 113 387 106 381 93 393 91 392 75 405 78 410 80 406 68 413 61 426 70 437 73 444 80 445 90 452 94 464 94 477 99 484 103 490 110 524 115 547 120 551 120 564 117 584 115 592 106 583 97 587 94 597 94 608 90 613 83 629 81 624 74 613 70 605 74 596 71 599 58 611 52 612 38 606 33 615 28 629 29 642 36 667 58 683 61 690 67 698 71 703 74 713 67 722 70 727 94 713 93 713 99 722 109 713 115 709 120 703 117 698 123 690 135 680 138 674 141 673 129 666 128 658 139 651 141 650 145 660 149 666 157 671 149 686 155 671 165 671 173 674 175 684 181 693 199 702 218 703 235 696 252 684 267 644 267 642 286 638 289 642 305 637 312 629 305 632 299 631 289 626 284 621 286 611 281 606 274 596 277 574 278 576 289 560 283 553 267 548 267 542 262 550 249 548 235 541 228 535 232 526 222 515 225 502 235 483 231 476 233 463 231 450 229 423 212 [[China in the ABU TV Song Festival]]
poly 429 416 426 405 428 390 429 378 439 389 447 399 447 408 445 415 435 421 [[Sri Lanka in the ABU TV Song Festival]]
poly 495 113 484 102 471 96 450 93 445 87 442 77 426 68 418 59 431 49 444 49 457 54 480 55 473 45 477 36 497 42 509 52 526 51 539 54 554 58 568 59 579 52 597 55 596 65 605 73 619 71 628 73 634 81 615 83 605 94 589 97 589 99 593 102 592 110 583 115 568 117 560 122 529 116 [[Mongolia in the ABU TV Song Festival]]
poly 722 180 716 164 711 152 722 146 734 157 738 167 741 174 728 193 [[South Korea in the ABU TV Song Festival]]
poly 760 207 745 191 751 181 760 168 780 170 782 155 792 157 793 144 787 123 780 115 785 103 780 90 803 100 824 94 812 115 809 145 816 174 [[Japan in the ABU TV Song Festival]]
rect 660 265 683 289 [[Hong Kong in the ABU TV Song Festival]]
poly 612 394 608 376 625 367 628 361 625 336 619 326 595 305 603 297 595 293 589 290 579 276 590 277 599 271 603 276 612 278 613 283 619 287 609 300 609 310 625 323 631 331 637 342 641 357 640 368 [[Vietnam in the ABU TV Song Festival]]
rect 596 441 618 463 [[Singapore in the ABU TV Song Festival]]
poly 595 450 582 437 574 410 593 412 599 422 673 437 696 437 693 415 699 409 713 419 706 431 698 431 690 439 683 451 655 455 647 451 619 439 [[Malaysia in the ABU TV Song Festival]]
poly 599 500 573 483 553 442 541 418 560 419 590 454 600 466 647 467 641 450 661 455 679 450 699 431 711 445 740 455 785 439 824 470 851 473 872 483 873 537 799 528 767 528 750 534 760 542 748 550 724 547 683 535 650 531 624 524 [[Indonesia in the ABU TV Song Festival]]
poly 650 750 644 744 654 732 655 702 651 680 657 655 666 642 687 634 709 628 724 616 732 599 750 584 763 574 782 587 783 579 793 557 819 560 840 566 828 584 843 600 857 609 866 592 874 566 880 554 890 583 898 586 898 619 914 634 924 644 932 667 930 699 914 731 877 772 844 805 830 818 818 818 821 796 803 772 783 760 783 729 766 724 719 732 709 741 683 745 666 751 [[Australia in the ABU TV Song Festival]]

desc bottom-right
</imagemap>
