Title : Template:Attached KML/Provincial road N34 (Netherlands)
Text : <?xml version="1.0" encoding="UTF-8"?>
<kml xmlns="http://www.opengis.net/kml/2.2" xmlns:gx="http://www.google.com/kml/ext/2.2" xmlns:kml="http://www.opengis.net/kml/2.2" xmlns:atom="http://www.w3.org/2005/Atom">
<Document>
	<name>Provincial road N34 (Netherlands) - South to North</name>
	<open>1</open>
	<description>The Provincial road N34 located in The Netherlands, from South to North</description>
	<Style id="icon-503-DB4436">
		<IconStyle>
			<color>ff3644db</color>
			<scale>1.1</scale>
			<Icon>
				<href>http://www.gstatic.com/mapspro/images/stock/503-wht-blank_maps.png</href>
			</Icon>
		</IconStyle>
	</Style>
	<Style id="line-1267FF-4">
		<LineStyle>
			<color>#FF0000FF</color>
			<width>4</width>
		</LineStyle>
	</Style>
	<Style id="line-1267FF-40">
		<LineStyle>
			<color>#FF00FFFF</color>
			<width>5</width>
		</LineStyle>
	</Style>
	<Style id="icon-503-DB44360">
		<IconStyle>
			<color>ff3644db</color>
			<scale>1.1</scale>
			<Icon>
				<href>http://www.gstatic.com/mapspro/images/stock/503-wht-blank_maps.png</href>
			</Icon>
		</IconStyle>
	</Style>
	<Folder>
		<name>Provincial road N34 (Netherlands)</name>
		<Placemark>
			<name>Provincial road N34 (Netherlands) - North to South</name>
			<styleUrl>#line-1267FF-4</styleUrl>
			<LineString>
				<coordinates>
					6.610510000000001,53.11726,0 6.61042,53.11660000000001,0 6.610370000000001,53.11623,0 6.610270000000001,53.11573000000001,0 6.610130000000001,53.11528,0 6.609940000000001,53.11479000000001,0 6.60958,53.11404,0 6.609430000000001,53.11368,0 6.609310000000001,53.11337,0 6.609210000000001,53.11304000000001,0 6.609170000000002,53.11280000000001,0 6.609160000000001,53.11261000000001,0 6.609170000000002,53.11244000000001,0 6.6092,53.11223,0 6.60924,53.11207,0 6.609360000000001,53.11178,0 6.60953,53.11151,0 6.60979,53.11119000000002,0 6.610020000000001,53.11097,0 6.610360000000001,53.11073,0 6.61066,53.11054000000001,0 6.6111,53.11029000000001,0 6.61134,53.11016000000002,0 6.611560000000002,53.11002000000001,0 6.611790000000001,53.10988,0 6.612130000000001,53.10966999999999,0 6.61256,53.10942000000001,0 6.613,53.10916,0 6.613340000000001,53.10896,0 6.613670000000001,53.10876,0 6.61492,53.10802,0 6.616170000000001,53.10729000000001,0 6.61806,53.10619000000001,0 6.619700000000001,53.10526,0 6.619750000000001,53.10523000000001,0 6.61987,53.10516000000001,0 6.622510000000001,53.10329,0 6.62301,53.10296,0 6.62392,53.1024,0 6.624670000000002,53.10194,0 6.626090000000001,53.10112,0 6.62642,53.10092,0 6.626440000000001,53.10091,0 6.626740000000001,53.10074,0 6.62675,53.10073000000001,0 6.62699,53.10059,0 6.629130000000001,53.09935,0 6.631270000000001,53.09811000000001,0 6.63236,53.09746999999999,0 6.633450000000001,53.09684000000001,0 6.63546,53.09571,0 6.63607,53.09535,0 6.636810000000001,53.09492,0 6.637550000000001,53.09449,0 6.63757,53.09448,0 6.63942,53.09339000000001,0 6.639670000000002,53.09325000000001,0 6.641390000000001,53.09224000000001,0 6.641870000000001,53.09197,0 6.64292,53.09136,0 6.643380000000001,53.09109,0 6.64454,53.09043000000001,0 6.64554,53.08987000000001,0 6.645670000000001,53.0898,0 6.645790000000001,53.08974,0 6.646450000000001,53.08940000000001,0 6.647100000000002,53.08905000000001,0 6.647240000000001,53.08898000000001,0 6.647380000000001,53.08891000000001,0 6.64834,53.08843,0 6.64918,53.08801,0 6.649400000000002,53.08790999999999,0 6.649620000000001,53.08779999999999,0 6.64974,53.08775000000001,0 6.64986,53.08769,0 6.65185,53.08669,0 6.653830000000001,53.0857,0 6.65406,53.08559,0 6.65408,53.08558000000001,0 6.654150000000001,53.08554,0 6.654160000000001,53.08554,0 6.654170000000002,53.08553000000001,0 6.65439,53.08543,0 6.655830000000002,53.08473000000001,0 6.656310000000001,53.08447,0 6.65645,53.0844,0 6.656650000000002,53.08429,0 6.656860000000001,53.08419000000001,0 6.65729,53.08398,0 6.65781,53.08372000000001,0 6.658220000000002,53.08352000000001,0 6.658600000000001,53.08333,0 6.65873,53.08327000000001,0 6.65882,53.08322,0 6.658849999999999,53.08321000000001,0 6.659120000000002,53.08308,0 6.659440000000001,53.08293000000001,0 6.659960000000001,53.08267000000001,0 6.660500000000001,53.08241,0 6.660800000000001,53.08228,0 6.660920000000001,53.08223,0 6.66112,53.08213000000001,0 6.661500000000001,53.08198,0 6.66166,53.08191000000001,0 6.661920000000001,53.08181,0 6.662150000000001,53.08173000000002,0 6.66234,53.08167,0 6.66269,53.08156,0 6.66291,53.08149,0 6.66328,53.08139000000001,0 6.663580000000001,53.08131,0 6.663780000000001,53.08125,0 6.66387,53.08123000000001,0 6.664129999999999,53.08116,0 6.664370000000001,53.08111,0 6.664600000000001,53.08106,0 6.66485,53.081,0 6.665080000000001,53.08095,0 6.665330000000001,53.0809,0 6.665660000000001,53.08084,0 6.665970000000002,53.08078,0 6.666180000000001,53.08074000000001,0 6.666540000000001,53.08067000000001,0 6.66682,53.08062,0 6.667179999999999,53.08054,0 6.66753,53.08047000000001,0 6.66788,53.08041000000001,0 6.66823,53.08033,0 6.66865,53.08025000000001,0 6.669160000000001,53.08015000000001,0 6.669470000000001,53.08009000000001,0 6.669930000000002,53.08000000000001,0 6.670020000000001,53.07999,0 6.670070000000001,53.07998000000001,0 6.670170000000002,53.07995,0 6.670430000000001,53.07991000000001,0 6.67046,53.0799,0 6.67048,53.0799,0 6.670650000000001,53.07986,0 6.670719999999999,53.07984,0 6.670780000000001,53.07982,0 6.67086,53.07981,0 6.670870000000001,53.07981,0 6.671100000000001,53.07976,0 6.67128,53.07972,0 6.671500000000002,53.07967000000001,0 6.671790000000001,53.07959,0 6.67203,53.07953000000001,0 6.672320000000002,53.07945,0 6.672640000000001,53.07936,0 6.67292,53.07926999999999,0 6.673120000000001,53.07920000000001,0 6.67342,53.0791,0 6.674040000000002,53.07887,0 6.674480000000001,53.07868,0 6.674760000000001,53.07856,0 6.674970000000001,53.07846000000001,0 6.675380000000001,53.07827,0 6.675710000000001,53.07810000000001,0 6.675960000000001,53.07798,0 6.676200000000001,53.07785000000001,0 6.676410000000001,53.07775,0 6.67668,53.07761000000001,0 6.677110000000001,53.07739,0 6.67745,53.07721000000001,0 6.67776,53.07705000000001,0 6.678210000000001,53.07682,0 6.678800000000001,53.07652,0 6.67972,53.07605,0 6.680770000000001,53.07551,0 6.681439999999999,53.07516,0 6.682010000000001,53.07488000000001,0 6.683520000000002,53.07409999999999,0 6.6845,53.07360000000001,0 6.68519,53.07325,0 6.685560000000001,53.07306000000001,0 6.68618,53.07274,0 6.68803,53.07179000000001,0 6.688910000000001,53.07132000000001,0 6.68912,53.07119,0 6.691380000000001,53.07000000000001,0 6.69186,53.06974,0 6.694500000000001,53.06832000000001,0 6.69528,53.06782000000001,0 6.69648,53.06693000000001,0 6.698670000000001,53.06502,0 6.70313,53.06126,0 6.70319,53.0612,0 6.703200000000001,53.06119,0 6.703270000000001,53.06112,0 6.704180000000001,53.06026000000001,0 6.704980000000001,53.05946,0 6.705839999999999,53.05845000000001,0 6.7066,53.05743,0 6.706960000000001,53.05694,0 6.707330000000001,53.05642000000001,0 6.70784,53.05569000000001,0 6.708290000000001,53.05505,0 6.708690000000001,53.05448000000001,0 6.709020000000001,53.05401000000001,0 6.709309999999999,53.05358,0 6.70959,53.0532,0 6.710390000000001,53.05208,0 6.71056,53.05188,0 6.710850000000001,53.05145,0 6.71114,53.05102,0 6.711910000000001,53.05016999999999,0 6.712450000000001,53.04961,0 6.712870000000001,53.04919,0 6.712890000000001,53.04917,0 6.71323,53.04885,0 6.713310000000001,53.04879,0 6.713310000000001,53.04878000000001,0 6.71339,53.04872000000001,0 6.71557,53.04695,0 6.71575,53.04679,0 6.7159,53.04664,0 6.716050000000001,53.04649000000001,0 6.716559999999999,53.04607000000001,0 6.717070000000001,53.04564000000001,0 6.71762,53.04517000000001,0 6.717730000000001,53.04507,0 6.71834,53.04455,0 6.719320000000001,53.04369000000001,0 6.719939999999999,53.04315,0 6.720750000000001,53.04246000000001,0 6.72315,53.04041,0 6.724490000000001,53.03927,0 6.72852,53.03578,0 6.728580000000001,53.03573,0 6.728590000000001,53.03572000000001,0 6.72864,53.03568000000001,0 6.729020000000001,53.03535,0 6.73082,53.03375000000001,0 6.73193,53.03281000000001,0 6.732560000000001,53.03234000000001,0 6.733470000000001,53.03175,0 6.734120000000001,53.03135000000001,0 6.734970000000001,53.03085,0 6.73573,53.03045,0 6.73674,53.02987,0 6.737780000000001,53.02924000000001,0 6.737909999999999,53.02916,0 6.73792,53.02916,0 6.738040000000001,53.02908000000001,0 6.738760000000002,53.02864,0 6.740780000000001,53.02738000000001,0 6.742140000000002,53.02646,0 6.743300000000001,53.02572000000001,0 6.743640000000001,53.02551,0 6.743980000000001,53.02529000000001,0 6.744560000000001,53.02483,0 6.74502,53.02444000000001,0 6.745290000000001,53.02417000000001,0 6.74568,53.02374,0 6.74616,53.02317000000001,0 6.746480000000001,53.02276000000001,0 6.746910000000002,53.02214000000001,0 6.747120000000001,53.02178000000001,0 6.747280000000001,53.02146,0 6.747630000000001,53.02062,0 6.747800000000001,53.01993000000001,0 6.74783,53.01983000000001,0 6.74783,53.01982000000001,0 6.747850000000001,53.01973,0 6.747910000000002,53.01946000000001,0 6.747960000000001,53.01918,0 6.748250000000001,53.01775000000001,0 6.749180000000001,53.01269000000001,0 6.749160000000001,53.01263,0 6.749190000000001,53.0124,0 6.749320000000001,53.01149,0 6.749320000000001,53.01128000000001,0 6.74931,53.0112,0 6.749280000000001,53.01112,0 6.74915,53.01110000000001,0 6.74903,53.01106000000002,0 6.748920000000001,53.01101,0 6.74882,53.01095,0 6.74873,53.01089,0 6.748650000000001,53.01082,0 6.748590000000001,53.01075,0 6.748539999999999,53.01067000000001,0 6.748510000000001,53.0106,0 6.74849,53.01052000000001,0 6.74849,53.01044,0 6.748500000000001,53.01037000000001,0 6.748500000000001,53.01035,0 6.748520000000001,53.01029,0 6.748539999999999,53.01025000000001,0 6.74855,53.01025000000001,0 6.748560000000001,53.01022,0 6.748590000000001,53.01018000000001,0 6.74861,53.01015,0 6.74868,53.01008,0 6.748720000000001,53.01004,0 6.748780000000001,53.01000000000001,0 6.74884,53.00996000000001,0 6.74891,53.00992,0 6.74898,53.00989000000001,0 6.749050000000001,53.00986,0 6.749130000000001,53.00983,0 6.74921,53.00981,0 6.749420000000001,53.00969000000001,0 6.749600000000001,53.00955,0 6.749689999999999,53.00944000000001,0 6.749779999999999,53.00931000000001,0 6.749910000000001,53.00863,0 6.749960000000002,53.00839000000001,0 6.74997,53.00831,0 6.74997,53.00828000000001,0 6.74999,53.00821000000001,0 6.75016,53.00735,0 6.750640000000001,53.00483000000001,0 6.75084,53.00372,0 6.75087,53.00357,0 6.75114,53.00257000000001,0 6.75144,53.00177000000001,0 6.7522,53.00041,0 6.75262,52.99974,0 6.752750000000001,52.99958,0 6.75351,52.99848000000001,0 6.75356,52.99841000000001,0 6.753620000000001,52.99833,0 6.75417,52.99763,0 6.754690000000001,52.99704000000001,0 6.75507,52.99664,0 6.755260000000001,52.99645,0 6.755660000000001,52.99607,0 6.756340000000001,52.99546,0 6.756430000000001,52.99538,0 6.756500000000001,52.99532000000001,0 6.75664,52.9952,0 6.75679,52.99507000000001,0 6.757620000000001,52.99444,0 6.75928,52.99321000000001,0 6.76048,52.99225,0 6.761540000000001,52.9913,0 6.76232,52.99053000000001,0 6.763140000000001,52.98970000000001,0 6.76374,52.98911000000001,0 6.76627,52.98656,0 6.768980000000001,52.98381000000001,0 6.771039999999999,52.98177000000001,0 6.773400000000001,52.97938000000001,0 6.77385,52.97891,0 6.774480000000001,52.97812,0 6.774890000000001,52.97741,0 6.775440000000002,52.97625000000001,0 6.77582,52.97537000000001,0 6.776,52.97492,0 6.776070000000001,52.97469,0 6.776100000000001,52.97461000000001,0 6.776160000000001,52.97443000000001,0 6.77699,52.97188,0 6.77704,52.97172000000001,0 6.777060000000001,52.97166000000001,0 6.777070000000001,52.9716,0 6.77711,52.97148000000001,0 6.777120000000001,52.97145,0 6.777170000000002,52.97130000000001,0 6.777430000000001,52.97045000000001,0 6.77768,52.9696,0 6.778130000000001,52.96811,0 6.77859,52.96661,0 6.779020000000001,52.96511,0 6.779880000000001,52.96234000000001,0 6.77998,52.96201000000001,0 6.780080000000001,52.96167000000001,0 6.780540000000001,52.96015000000001,0 6.78101,52.95863000000001,0 6.78138,52.9574,0 6.781759999999999,52.95617000000001,0 6.78199,52.95538000000001,0 6.78223,52.95459,0 6.782710000000001,52.95298000000001,0 6.782900000000001,52.9524,0 6.782970000000001,52.95218,0 6.783040000000001,52.95197,0 6.78312,52.95173999999999,0 6.783200000000001,52.9515,0 6.783230000000001,52.95138000000001,0 6.783260000000001,52.95125,0 6.78334,52.95099,0 6.783410000000001,52.95074,0 6.78347,52.95057000000001,0 6.783930000000002,52.94883,0 6.784180000000002,52.94739000000001,0 6.78424,52.94686,0 6.78429,52.94577,0 6.784300000000001,52.94566,0 6.784280000000001,52.94509,0 6.78427,52.94456,0 6.78396,52.93943,0 6.783860000000001,52.93783000000001,0 6.783770000000001,52.93622000000001,0 6.783659999999999,52.93462,0 6.783560000000001,52.93302000000001,0 6.78347,52.93176,0 6.783440000000001,52.93095,0 6.78338,52.92959000000001,0 6.78342,52.92873,0 6.783460000000001,52.92830000000001,0 6.78361,52.92737,0 6.783840000000001,52.92636000000001,0 6.78391,52.92609,0 6.783920000000001,52.92603,0 6.783930000000002,52.92600000000001,0 6.783930000000002,52.92598,0 6.78403,52.92570000000001,0 6.78413,52.92541000000001,0 6.784180000000002,52.92526,0 6.784310000000001,52.92488,0 6.784840000000002,52.92360000000001,0 6.785060000000001,52.92318,0 6.785100000000001,52.92310000000001,0 6.785139999999999,52.92304000000001,0 6.785170000000002,52.92299000000001,0 6.78548,52.92242,0 6.785940000000001,52.9217,0 6.786740000000002,52.92053000000001,0 6.786930000000001,52.92036,0 6.787000000000001,52.92027,0 6.787000000000001,52.92026000000001,0 6.78705,52.92021,0 6.78727,52.91995000000001,0 6.787490000000001,52.91969000000001,0 6.78957,52.91741000000001,0 6.79164,52.91513000000001,0 6.791750000000001,52.91500000000001,0 6.791860000000001,52.91488000000001,0 6.79191,52.91482000000001,0 6.79192,52.91481,0 6.791970000000001,52.91477000000001,0 6.792050000000001,52.91468,0 6.79213,52.91459,0 6.792170000000001,52.91455,0 6.792170000000001,52.91454,0 6.79222,52.9145,0 6.79229,52.91441000000001,0 6.792370000000001,52.91433000000001,0 6.793120000000001,52.91350000000001,0 6.793860000000001,52.91268,0 6.794910000000001,52.91153000000001,0 6.79609,52.91027,0 6.79662,52.90973,0 6.797120000000001,52.90932,0 6.797870000000001,52.90876,0 6.798380000000001,52.90843,0 6.79898,52.90808000000001,0 6.801380000000001,52.90676000000001,0 6.801430000000001,52.90669000000001,0 6.80158,52.90660000000001,0 6.801920000000001,52.90641000000001,0 6.802950000000001,52.90584000000001,0 6.803130000000001,52.90574000000001,0 6.803950000000001,52.90527000000001,0 6.804760000000001,52.90484000000001,0 6.804880000000001,52.90479000000001,0 6.806120000000001,52.90409,0 6.8075,52.90332,0 6.808100000000001,52.90298000000001,0 6.808710000000001,52.90265,0 6.808870000000001,52.90256,0 6.81094,52.90141000000001,0 6.81141,52.90114000000001,0 6.811800000000002,52.90090000000001,0 6.811940000000001,52.90082000000001,0 6.812300000000001,52.90058000000001,0 6.812940000000001,52.90009000000001,0 6.81306,52.90000000000001,0 6.813499999999999,52.89963,0 6.813700000000001,52.89944000000001,0 6.813890000000001,52.89926000000001,0 6.814080000000001,52.89906000000001,0 6.814430000000002,52.89866000000001,0 6.81484,52.89815,0 6.815040000000001,52.89785000000001,0 6.81528,52.8975,0 6.81552,52.89716000000001,0 6.815760000000002,52.89679000000001,0 6.816000000000002,52.89642000000001,0 6.8162,52.89612,0 6.8164,52.89582000000001,0 6.816549999999999,52.89561000000001,0 6.816700000000001,52.89540000000001,0 6.81707,52.89485000000001,0 6.81744,52.8943,0 6.81855,52.89264000000001,0 6.819660000000001,52.89098000000001,0 6.819870000000002,52.89067000000001,0 6.82009,52.89036,0 6.82047,52.88979,0 6.82085,52.88922,0 6.822430000000002,52.88692,0 6.824240000000001,52.88452,0 6.82455,52.88411000000001,0 6.82486,52.88370000000001,0 6.824940000000001,52.88352,0 6.82502,52.88334000000001,0 6.82507,52.88326000000001,0 6.82544,52.88275,0 6.82547,52.88272000000001,0 6.825500000000001,52.8827,0 6.82556,52.88266,0 6.82568,52.88247000000001,0 6.82577,52.88234,0 6.825810000000001,52.88228,0 6.826290000000001,52.88149000000001,0 6.826770000000001,52.88071000000001,0 6.827440000000001,52.8796,0 6.828110000000002,52.87849000000001,0 6.828460000000001,52.87796,0 6.828810000000001,52.87743,0 6.828860000000001,52.87735000000001,0 6.828900000000001,52.87727,0 6.82988,52.87583000000002,0 6.830850000000001,52.87439000000001,0 6.831020000000001,52.87414000000001,0 6.83119,52.87388000000001,0 6.832390000000001,52.87208,0 6.833600000000001,52.87028000000001,0 6.83426,52.86909000000001,0 6.834930000000001,52.86789000000001,0 6.835210000000002,52.86725,0 6.835500000000001,52.86661000000001,0 6.835630000000002,52.86620000000001,0 6.835830000000001,52.86529,0 6.835780000000002,52.86519999999999,0 6.835780000000002,52.86517000000001,0 6.83579,52.86514,0 6.83579,52.86511000000001,0 6.835839999999999,52.86478,0 6.835890000000001,52.86444,0 6.83586,52.86383,0 6.835830000000001,52.86373,0 6.83576,52.86323,0 6.835690000000001,52.86273000000001,0 6.83553,52.86217000000001,0 6.83527,52.86149,0 6.8349,52.86062,0 6.834580000000001,52.86005,0 6.83455,52.85999,0 6.834540000000001,52.85998000000001,0 6.834510000000001,52.85992,0 6.834000000000001,52.85918,0 6.833699999999999,52.85873,0 6.833430000000001,52.8584,0 6.833250000000001,52.85819,0 6.8319,52.85673000000001,0 6.831820000000001,52.85665,0 6.831360000000001,52.85617000000001,0 6.831180000000001,52.85598,0 6.830590000000002,52.85532000000001,0 6.830100000000002,52.85481000000001,0 6.829890000000001,52.85456000000001,0 6.829650000000001,52.85427,0 6.829409999999999,52.85396000000002,0 6.82913,52.85358000000001,0 6.828900000000001,52.85321,0 6.828780000000002,52.85305000000001,0 6.828720000000001,52.85296,0 6.828659999999999,52.85287,0 6.8284,52.85235,0 6.828290000000001,52.85209,0 6.828200000000002,52.85183000000001,0 6.828060000000001,52.85136000000001,0 6.82795,52.85097,0 6.827900000000001,52.85067,0 6.827870000000002,52.85032,0 6.827860000000001,52.85010999999999,0 6.82785,52.84976,0 6.827920000000001,52.84905000000001,0 6.828100000000001,52.84826,0 6.82828,52.8477,0 6.828410000000001,52.84742000000001,0 6.829280000000001,52.84564,0 6.83042,52.84351,0 6.832100000000001,52.84061000000001,0 6.83253,52.83993000000001,0 6.832580000000002,52.83985,0 6.832580000000002,52.83984,0 6.832630000000001,52.83976000000001,0 6.833240000000001,52.83883,0 6.835110000000001,52.8361,0 6.835470000000001,52.83561,0 6.836749999999999,52.83393000000001,0 6.837050000000001,52.83356000000001,0 6.838140000000001,52.83222000000001,0 6.83954,52.83066,0 6.840859999999999,52.8293,0 6.8409,52.82927,0 6.8409,52.82926,0 6.84093,52.82923,0 6.841220000000002,52.82896,0 6.84135,52.82883,0 6.841780000000001,52.82843,0 6.84283,52.82748,0 6.843509999999999,52.82690000000001,0 6.844170000000001,52.82634,0 6.845210000000001,52.82550000000001,0 6.84615,52.82477,0 6.847670000000001,52.82367000000001,0 6.847740000000002,52.82362,0 6.847799999999999,52.82358000000001,0 6.847860000000001,52.82353000000001,0 6.84796,52.82346,0 6.848310000000002,52.82321,0 6.84867,52.82296,0 6.85028,52.82190000000001,0 6.852110000000001,52.82074000000001,0 6.852770000000001,52.8203,0 6.853140000000001,52.82004000000001,0 6.853960000000001,52.81941000000001,0 6.85559,52.81807000000001,0 6.856640000000001,52.81706,0 6.85681,52.81686999999999,0 6.85714,52.81644000000001,0 6.857460000000001,52.81601000000001,0 6.857460000000001,52.81595000000001,0 6.857460000000001,52.81590000000001,0 6.85751,52.81581,0 6.858040000000002,52.81496000000001,0 6.858140000000001,52.81488,0 6.858230000000001,52.81473,0 6.85831,52.81452,0 6.858460000000002,52.8141,0 6.858610000000001,52.81369,0 6.858800000000001,52.81295000000001,0 6.858850000000001,52.81256,0 6.85892,52.81194000000001,0 6.858930000000001,52.81105,0 6.858890000000001,52.81065,0 6.85886,52.81029,0 6.85864,52.80922,0 6.858270000000001,52.80818000000001,0 6.85822,52.80803000000001,0 6.857580000000001,52.8068,0 6.857390000000001,52.8065,0 6.85709,52.80606,0 6.856440000000001,52.80519,0 6.85634,52.80507000000001,0 6.85605,52.80466000000001,0 6.85475,52.80297000000001,0 6.854710000000001,52.80291,0 6.8547,52.80291,0 6.854660000000002,52.80285000000001,0 6.854610000000001,52.80278000000001,0 6.854550000000001,52.80271000000001,0 6.854500000000002,52.80265000000001,0 6.854450000000001,52.80259,0 6.8543,52.80240000000001,0 6.85415,52.80222,0 6.852750000000001,52.80044,0 6.851210000000001,52.79838,0 6.85024,52.79697000000001,0 6.850130000000002,52.79678000000001,0 6.849880000000002,52.79637,0 6.84963,52.79596,0 6.849030000000001,52.79489,0 6.848490000000001,52.79386,0 6.848430000000001,52.79371,0 6.84836,52.79357,0 6.84834,52.79352,0 6.84834,52.79351000000001,0 6.84832,52.79346,0 6.848220000000001,52.79327,0 6.847760000000001,52.79217000000001,0 6.847360000000001,52.79107000000001,0 6.847350000000001,52.79103000000001,0 6.847340000000001,52.79099,0 6.84733,52.79096999999999,0 6.847310000000001,52.79091000000001,0 6.84684,52.78933000000001,0 6.846650000000001,52.78847,0 6.846540000000001,52.78803000000001,0 6.84653,52.78794000000001,0 6.846520000000001,52.78785000000001,0 6.84633,52.78676,0 6.846170000000002,52.78564,0 6.846160000000001,52.78551,0 6.84615,52.78538000000001,0 6.84615,52.78532000000001,0 6.84615,52.78531,0 6.84615,52.78523000000001,0 6.845890000000001,52.78260000000001,0 6.84571,52.78105000000001,0 6.845530000000001,52.77951,0 6.845400000000001,52.77862,0 6.84527,52.77772,0 6.845260000000002,52.77764000000001,0 6.84524,52.77756,0 6.845050000000001,52.77621,0 6.84487,52.77486,0 6.844770000000001,52.77445,0 6.84468,52.77405,0 6.84431,52.77185000000001,0 6.844230000000001,52.7713,0 6.844200000000001,52.77102000000001,0 6.844170000000001,52.77075000000001,0 6.84381,52.76877,0 6.843450000000002,52.76679000000001,0 6.84343,52.76669,0 6.84334,52.7664,0 6.84328,52.76616000000001,0 6.843240000000001,52.76599,0 6.843179999999999,52.76582000000001,0 6.8429,52.76498,0 6.842720000000001,52.76441000000001,0 6.84248,52.76379000000001,0 6.842330000000001,52.76354000000001,0 6.842230000000001,52.76334,0 6.841900000000001,52.76272,0 6.84168,52.76236,0 6.841609999999999,52.76228,0 6.841600000000001,52.76226,0 6.841550000000002,52.76216,0 6.841530000000001,52.76214,0 6.84149,52.76208000000001,0 6.84144,52.76201,0 6.84144,52.76200000000002,0 6.841360000000001,52.7619,0 6.841300000000001,52.76178,0 6.841210000000001,52.76164000000001,0 6.841110000000001,52.76149,0 6.841060000000001,52.76139000000001,0 6.84083,52.76111,0 6.84071,52.76103000000001,0 6.840190000000001,52.76043000000001,0 6.839070000000001,52.75929000000001,0 6.838820000000001,52.75906000000001,0 6.838740000000001,52.75897000000001,0 6.838170000000002,52.75844000000001,0 6.83703,52.75747000000001,0 6.835890000000001,52.75660000000001,0 6.835100000000001,52.75606,0 6.83426,52.75552,0 6.834210000000002,52.75549,0 6.834210000000002,52.75548000000001,0 6.83413,52.75543,0 6.829670000000001,52.75266000000001,0 6.828250000000001,52.75181,0 6.827560000000001,52.75141000000001,0 6.826880000000002,52.75100999999999,0 6.826250000000001,52.75063,0 6.825609999999999,52.75026,0 6.824720000000001,52.74974,0 6.823830000000002,52.74922,0 6.822330000000001,52.74838,0 6.82232,52.74836999999999,0 6.821829999999999,52.74808,0 6.818270000000001,52.74610000000001,0 6.8166,52.74519,0 6.814940000000001,52.74428,0 6.812460000000001,52.74290000000001,0 6.809990000000001,52.74151000000001,0 6.80904,52.74097000000001,0 6.806070000000001,52.73921000000001,0 6.803230000000002,52.73748000000001,0 6.801,52.73603000000001,0 6.799460000000001,52.73503,0 6.79802,52.73406000000001,0 6.795660000000001,52.73242000000001,0 6.7956,52.73238000000001,0 6.79554,52.73234000000001,0 6.795470000000002,52.73229000000001,0 6.79538,52.73222000000001,0 6.795310000000001,52.73218000000001,0 6.795260000000001,52.73215,0 6.795040000000001,52.73200000000001,0 6.79481,52.73185,0 6.794220000000001,52.73145,0 6.793629999999999,52.73104000000001,0 6.792059999999999,52.72998000000001,0 6.791560000000001,52.72960999999999,0 6.78938,52.72815000000001,0 6.789330000000001,52.72812,0 6.78928,52.72810000000001,0 6.789180000000001,52.72804000000001,0 6.789070000000001,52.72797000000001,0 6.78896,52.72791000000001,0 6.78886,52.72785,0 6.788270000000001,52.72748000000001,0 6.78767,52.72711,0 6.78612,52.72614,0 6.785410000000002,52.72575000000001,0 6.782380000000001,52.72418,0 6.782200000000001,52.7241,0 6.781650000000001,52.7238,0 6.78014,52.72301,0 6.779030000000001,52.72243,0 6.778550000000001,52.72219000000001,0 6.778510000000001,52.72214,0 6.777940000000001,52.72185000000001,0 6.77737,52.72156,0 6.77606,52.72093,0 6.77474,52.7203,0 6.773350000000001,52.71962000000001,0 6.771960000000001,52.71894,0 6.771789999999999,52.71886000000001,0 6.771610000000001,52.71878,0 6.769490000000001,52.71774000000001,0 6.768610000000001,52.71729000000001,0 6.7682,52.71709000000001,0 6.76534,52.71565000000001,0 6.76524,52.71558,0 6.762910000000002,52.71438000000001,0 6.762000000000001,52.71392,0 6.760470000000001,52.71311000000001,0 6.757260000000001,52.71140000000001,0 6.756130000000001,52.71081,0 6.754760000000002,52.71004,0 6.754110000000001,52.70969,0 6.752870000000001,52.70892000000001,0 6.75196,52.70826000000001,0 6.75184,52.70817,0 6.751770000000001,52.70812,0 6.75175,52.70811000000001,0 6.751650000000001,52.70803,0 6.751580000000001,52.70798000000001,0 6.751520000000001,52.70793,0 6.750550000000001,52.70712000000001,0 6.749610000000001,52.70626,0 6.7491,52.70572000000001,0 6.74882,52.70544,0 6.74793,52.70433000000001,0 6.74765,52.70395000000001,0 6.747370000000001,52.70357000000001,0 6.74708,52.70310000000001,0 6.746639999999999,52.70234,0 6.74534,52.69990000000001,0 6.744390000000001,52.69815000000001,0 6.74387,52.69713,0 6.743810000000001,52.69701000000001,0 6.7438,52.697,0 6.743740000000001,52.69689,0 6.74227,52.69416,0 6.741710000000001,52.69315,0 6.74091,52.69181,0 6.740270000000001,52.69075,0 6.739450000000001,52.68948,0 6.73746,52.68656000000001,0 6.737380000000001,52.68646,0 6.73737,52.68645000000001,0 6.737310000000001,52.68636,0 6.737000000000001,52.68594,0 6.73474,52.68299,0 6.734520000000001,52.68272000000001,0 6.73429,52.68244000000001,0 6.73383,52.68186,0 6.733370000000001,52.68127000000001,0 6.733070000000001,52.68087000000001,0 6.73277,52.68047,0 6.732220000000001,52.67977999999999,0 6.729840000000001,52.67677000000001,0 6.729750000000001,52.67664000000001,0 6.729730000000001,52.67663,0 6.729620000000001,52.67649,0 6.72787,52.67424000000001,0 6.726880000000001,52.673,0 6.72672,52.67280000000001,0 6.726570000000001,52.6726,0 6.72602,52.67188,0 6.725250000000001,52.67094000000001,0 6.724930000000001,52.67054,0 6.724620000000001,52.67015000000001,0 6.724559999999999,52.67008000000001,0 6.724530000000001,52.67005000000001,0 6.72444,52.66993,0 6.72426,52.66971,0 6.72064,52.66504000000001,0 6.720230000000001,52.66455000000001,0 6.719480000000001,52.66359000000001,0 6.718730000000002,52.66264,0 6.718660000000001,52.66254000000001,0 6.7186,52.66245000000001,0 6.71851,52.66235000000001,0 6.717680000000001,52.66132,0 6.71663,52.66002,0 6.716410000000002,52.65979,0 6.716380000000001,52.65976000000001,0 6.715700000000001,52.65893999999999,0 6.715640000000001,52.65887000000001,0 6.71557,52.65879,0 6.715500000000001,52.6587,0 6.71536,52.65855000000001,0 6.71529,52.65847,0 6.714630000000001,52.65770000000001,0 6.713970000000001,52.65693,0 6.71252,52.65523,0 6.71107,52.65353,0 6.710960000000001,52.65340000000001,0 6.710850000000001,52.65327000000001,0 6.710459999999999,52.65283,0 6.710080000000001,52.6524,0 6.70965,52.65197000000001,0 6.70941,52.65176,0 6.70919,52.65156,0 6.709000000000001,52.65139000000001,0 6.708710000000001,52.65116,0 6.707800000000001,52.6505,0 6.706370000000001,52.64972,0 6.705509999999999,52.64934,0 6.704620000000001,52.64902000000001,0 6.70373,52.64870000000001,0 6.701940000000001,52.64809,0 6.7003,52.64754,0 6.69962,52.64725000000001,0 6.699330000000001,52.6471,0 6.698520000000001,52.64660000000001,0 6.697330000000001,52.64582000000001,0 6.69613,52.64504000000001,0 6.696090000000001,52.645,0 6.696040000000001,52.64497000000001,0 6.69519,52.64434000000001,0 6.69455,52.64376,0 6.69427,52.64345,0 6.693540000000001,52.64250000000001,0 6.691180000000001,52.63939000000001,0 6.689730000000001,52.63748,0 6.68801,52.63519,0 6.686280000000001,52.63289,0 6.68465,52.63071000000001,0 6.68426,52.63016,0 6.683330000000001,52.62897,0 6.682950000000002,52.62855,0 6.682610000000001,52.62822000000001,0 6.68221,52.62786000000001,0 6.68184,52.62755000000001,0 6.68142,52.62723,0 6.680619999999999,52.62671,0 6.680040000000001,52.62636999999999,0 6.679650000000001,52.62616000000001,0 6.678900000000001,52.62582,0 6.672310000000001,52.62301000000001,0 6.66978,52.62194,0 6.66725,52.62086,0 6.66653,52.62056000000001,0 6.665260000000001,52.62,0 6.66511,52.61993,0 6.66499,52.61988,0 6.66485,52.61980999999999,0 6.664670000000001,52.61971000000001,0 6.664190000000001,52.61944000000001,0 6.663780000000001,52.61920000000001,0 6.663320000000002,52.6189,0 6.66295,52.61863,0 6.662640000000001,52.61839000000001,0 6.662140000000001,52.61796,0 6.66171,52.61755,0 6.660830000000001,52.61654000000001,0 6.660600000000001,52.61633,0 6.659690000000001,52.61545,0 6.658939999999999,52.61481000000001,0 6.65859,52.61453,0 6.658550000000002,52.61447,0 6.658320000000001,52.61427999999999,0 6.658010000000001,52.61404,0 6.657760000000001,52.61385000000001,0 6.657240000000001,52.61347000000001,0 6.655830000000002,52.61251000000001,0 6.655270000000001,52.61214,0 6.65524,52.61212,0 6.654640000000001,52.61173,0 6.65366,52.61107000000001,0 6.652680000000001,52.61042000000001,0 6.652419999999999,52.61024000000001,0 6.652150000000001,52.61007000000001,0 6.651710000000001,52.60976,0 6.651269999999999,52.60946000000001,0 6.650860000000001,52.60910000000001,0 6.650440000000001,52.60875000000001,0 6.650250000000001,52.60855000000001,0 6.650060000000002,52.60836000000001,0 6.64991,52.60821000000001,0 6.649410000000001,52.60762,0 6.649000000000001,52.60703,0 6.648870000000001,52.60683,0 6.648420000000001,52.60610999999999,0 6.647270000000001,52.60422000000001,0 6.646470000000001,52.60294,0 6.645890000000001,52.60201000000001,0 6.645690000000002,52.60172000000001,0 6.645350000000001,52.60126,0 6.64469,52.60043,0 6.64355,52.5992,0 6.64264,52.59837,0 6.641780000000001,52.59765,0 6.64167,52.59757000000001,0 6.64155,52.59748,0 6.640700000000001,52.59679000000001,0 6.63806,52.59465,0 6.63751,52.59419000000001,0 6.637140000000001,52.59390000000001,0 6.63555,52.59261000000001,0 6.63522,52.59234000000001,0 6.63464,52.59186,0 6.634530000000001,52.59178000000001,0 6.634270000000001,52.59156,0 6.631220000000001,52.58907000000001,0 6.63119,52.58905000000001,0 6.62973,52.58786000000001,0 6.62936,52.58757000000001,0 6.62854,52.58696000000001,0 6.628080000000001,52.58665,0 6.627520000000001,52.58629,0 6.626930000000001,52.58592,0 6.62639,52.58559,0 6.625290000000001,52.58499000000001,0 6.624990000000001,52.58485,0 6.624810000000001,52.58478,0 6.62473,52.58475000000001,0 6.62377,52.58430000000001,0 6.623640000000001,52.58421000000001,0 6.62301,52.58394000000001,0 6.622400000000001,52.58365,0 6.622280000000002,52.5836,0 6.62145,52.58325000000001,0 6.620620000000002,52.58290000000001,0 6.617830000000001,52.58173,0 6.61671,52.58125,0 6.61612,52.581,0 6.6153,52.58065000000001,0 6.6149,52.58048000000001,0 6.61476,52.58043000000001,0 6.614750000000001,52.58042,0 6.614610000000002,52.58036000000001,0 6.61435,52.58025000000001,0 6.613760000000001,52.57999,0 6.613,52.57967000000001,0 6.61272,52.57956,0 6.60977,52.57830000000001,0 6.6096,52.57826000000001,0 6.609220000000001,52.57810000000001,0 6.60892,52.57797000000001,0 6.608800000000001,52.57791,0 6.608770000000001,52.57790000000001,0 6.608590000000001,52.57783000000001,0 6.60798,52.57756999999999,0 6.60758,52.57741000000001,0 6.607060000000001,52.57720000000001,0 6.606380000000001,52.57695000000001,0 6.605810000000001,52.57675,0 6.60524,52.57653999999999,0 6.60442,52.57625,0 6.603580000000001,52.57594,0 6.602620000000001,52.57558,0 6.60221,52.57542,0 6.601550000000001,52.57517,0 6.601430000000001,52.57511,0 6.601360000000001,52.57508000000001,0 6.601220000000001,52.57502,0 6.600980000000001,52.57492000000001,0 6.60055,52.57473000000001,0 6.60012,52.57455,0 6.59943,52.57423000000001,0 6.598750000000001,52.57392,0 6.5975,52.57331,0 6.596260000000001,52.5727,0 6.594690000000001,52.57193,0 6.594060000000001,52.57163000000001,0 6.593140000000001,52.57121000000001,0 6.592820000000001,52.57103,0 6.592580000000001,52.57093,0 6.592340000000001,52.57083,0 6.59154,52.57048,0 6.59074,52.57014,0 6.59062,52.57009000000001,0 6.590500000000001,52.57004000000001,0 6.59034,52.56997000000001,0 6.59019,52.56991000000001,0 6.589830000000001,52.56978,0 6.589480000000001,52.56964,0 6.58855,52.56932000000001,0 6.588500000000001,52.56930000000001,0 6.58762,52.56904,0 6.586840000000001,52.56881,0 6.58586,52.56854000000001,0 6.58493,52.56828,0 6.58314,52.56776000000001,0 6.58297,52.56772,0 6.582800000000001,52.56767,0 6.582500000000001,52.56758000000001,0 6.582190000000001,52.56749000000001,0 6.580120000000001,52.5669,0 6.57805,52.56631000000001,0 6.574500000000001,52.56532000000001,0 6.57096,52.56433000000001,0 6.568919999999999,52.56375,0 6.56687,52.56317000000001,0 6.56555,52.56279000000001,0 6.564230000000001,52.56241000000001,0 6.563420000000002,52.56218000000001,0 6.562220000000001,52.56185000000001,0 6.56024,52.5613,0 6.55909,52.56097000000001,0 6.557690000000001,52.56058,0 6.556290000000001,52.56018,0 6.556080000000002,52.56016,0 6.554790000000001,52.55982,0 6.554660000000001,52.55978,0 6.553730000000001,52.55951,0 6.552370000000002,52.55911000000001,0 6.55233,52.55906,0 6.551940000000001,52.55895,0 6.550590000000001,52.55856000000001,0 6.546220000000001,52.55732,0 6.543880000000002,52.55666,0 6.54154,52.556,0 6.54112,52.55588,0 6.540710000000001,52.55577,0 6.540400000000001,52.5557,0 6.539110000000001,52.5553,0 6.538150000000001,52.55489000000001,0 6.53774,52.5547,0 6.537540000000002,52.55464000000001,0 6.537170000000001,52.5545,0 6.536790000000002,52.55442000000001,0 6.536740000000001,52.55445,0 6.536680000000001,52.55447000000001,0 6.536600000000001,52.55449,0 6.536540000000001,52.5545,0 6.536460000000002,52.5545,0 6.536360000000001,52.55449,0 6.53626,52.55447000000001,0 6.536180000000001,52.55443,0 6.53613,52.55439000000001,0 6.536090000000001,52.55435000000001,0 6.536070000000001,52.55430000000001,0 6.535850000000001,52.55422000000001,0 6.53538,52.55414,0 6.535030000000001,52.55409,0 6.534580000000001,52.55402,0 6.534450000000001,52.55399000000001,0 6.533860000000001,52.55386000000001,0 6.53345,52.55372,0 6.533390000000001,52.55369000000001,0 6.532580000000001,52.55346,0 6.53176,52.55323000000001,0 6.528450000000001,52.55230000000001,0 6.52819,52.55223,0 6.52714,52.55194000000001,0 6.5268,52.55184000000001,0 6.5266,52.55179,0 6.526490000000002,52.55176,0 6.52622,52.5517,0 6.52521,52.55147000000001,0 6.525040000000001,52.55139000000001,0 6.524979999999999,52.55132,0 6.524880000000001,52.55129,0 6.524010000000001,52.55103,0 6.52083,52.55011,0 6.51965,52.54978000000001,0 6.51902,52.54959,0 6.518060000000001,52.54933,0 6.517040000000001,52.54904000000001,0 6.516030000000001,52.54875000000001,0 6.51502,52.54845,0 6.514060000000001,52.54818,0 6.51315,52.54793,0 6.512840000000001,52.54785,0 6.512689999999999,52.54782,0 6.512600000000001,52.54785,0 6.512390000000002,52.54780000000001,0 6.511940000000001,52.54771,0 6.511290000000001,52.54759000000001,0 6.51007,52.54735,0 6.50926,52.54719000000001,0 6.508870000000001,52.54711,0 6.508710000000001,52.54708000000001,0 6.50771,52.54686,0 6.50762,52.54683000000001,0 6.507530000000002,52.54682,0 6.507370000000002,52.54678000000001,0 6.507210000000001,52.54677000000001,0 6.5068,52.54672000000001,0 6.506530000000002,52.54667000000001,0 6.50605,52.54652,0 6.5049,52.54629000000001,0 6.503760000000001,52.54606,0 6.503240000000002,52.54596,0 6.50264,52.54584000000001,0 6.502280000000001,52.54576,0 6.501840000000001,52.54566,0 6.50138,52.54555,0 6.500960000000001,52.54544000000001,0 6.500940000000002,52.54544000000001,0 6.49968,52.54506000000001,0 6.49774,52.54448000000001,0 6.495800000000001,52.54390000000001,0 6.495760000000001,52.54388,0 6.495230000000001,52.54372000000001,0 6.494510000000002,52.5435,0 6.493950000000001,52.54333000000001,0 6.49356,52.54323,0 6.493300000000001,52.54316000000001,0 6.492840000000001,52.54305000000001,0 6.49259,52.54300000000001,0 6.49232,52.54293999999999,0 6.491840000000001,52.54285,0 6.491650000000001,52.54282000000001,0 6.49131,52.54276,0 6.49115,52.54274000000001,0 6.490970000000001,52.54271000000001,0 6.49051,52.54266,0 6.489949999999999,52.5426,0 6.489500000000001,52.54255000000001,0 6.488200000000001,52.54244000000001,0 6.487500000000002,52.54238000000001,0 6.484990000000001,52.54215000000001,0 6.48317,52.542,0 6.482010000000001,52.54191000000001,0 6.481890000000002,52.54190000000001,0 6.481870000000001,52.54190000000001,0 6.48176,52.54189,0 6.481680000000001,52.54188,0 6.4816,52.54187,0 6.480410000000002,52.54178,0 6.47776,52.54154000000001,0 6.477260000000001,52.54149000000001,0 6.476350000000001,52.54138000000001,0 6.476260000000001,52.54137000000001,0 6.475849999999999,52.54131,0 6.475420000000001,52.54124000000001,0 6.474920000000001,52.54114000000001,0 6.474530000000001,52.54105000000001,0 6.47416,52.54095,0 6.473590000000001,52.54078000000001,0 6.473500000000001,52.54075,0 6.47329,52.54068,0 6.47299,52.54057,0 6.472799999999999,52.5405,0 6.47252,52.54039,0 6.47219,52.54025000000001,0 6.47177,52.54004999999999,0 6.471150000000001,52.53974000000001,0 6.47071,52.53951000000001,0 6.47043,52.53937000000001,0 6.469690000000002,52.53898,0 6.46879,52.53852000000001,0 6.46741,52.5378,0 6.46602,52.53708,0 6.46321,52.53563,0 6.45904,52.53345,0 6.457770000000001,52.5328,0 6.4565,52.53215,0 6.455290000000001,52.53152000000001,0 6.454079999999999,52.53089000000001,0 6.45312,52.53037999999999,0 6.452590000000001,52.53007000000001,0 6.451950000000001,52.52965000000001,0 6.45152,52.52933,0 6.451110000000001,52.529,0 6.450520000000001,52.52849000000001,0 6.44969,52.52771000000001,0 6.44885,52.52694,0 6.448700000000001,52.52687,0 6.447800000000001,52.52601,0 6.44779,52.52601,0 6.447780000000001,52.52601,0 6.44777,52.52601,0 6.447760000000002,52.52601,0 6.447750000000001,52.52601,0 6.44774,52.52601,0 6.447730000000001,52.52601,0 6.447730000000001,52.526,0 6.44772,52.526,0 6.447710000000001,52.526,0 6.4477,52.526,0 6.4477,52.52599000000001,0 6.447690000000001,52.52599000000001,0 6.44768,52.52598,0 6.447670000000001,52.52598,0 6.447670000000001,52.52597,0 6.447660000000001,52.52597,0 6.447660000000001,52.52596000000001,0 6.44765,52.52595,0 6.44765,52.52594000000001,0 6.44765,52.52593000000001,0 6.44765,52.52592000000001,0 6.44765,52.52591,0 6.447660000000001,52.52591,0 6.447660000000001,52.5259,0 6.44641,52.52481,0 6.44635,52.52473000000001,0 6.445620000000002,52.52419,0 6.445170000000001,52.52392,0 6.44436,52.52348000000001,0 6.443440000000001,52.52305000000001,0 6.442860000000001,52.52281000000001,0 6.442570000000002,52.52271,0 6.442480000000002,52.52269,0 6.44209,52.52255,0 6.441370000000001,52.52233,0 6.44131,52.52231,0 6.441240000000001,52.52229,0 6.440880000000001,52.52216000000001,0 6.44052,52.52203,0 6.439240000000001,52.52159,0 6.439200000000001,52.52157,0 6.439170000000001,52.52155000000001,0 6.438420000000001,52.5213,0 6.437670000000001,52.52105,0 6.437,52.52083,0 6.436330000000001,52.5206,0 6.43402,52.51983000000001,0 6.4317,52.51907000000001,0 6.428820000000001,52.5181,0 6.42781,52.51778,0 6.42701,52.51759,0 6.426430000000001,52.51748,0 6.42621,52.51744000000001,0 6.42611,52.51746000000001,0 6.42536,52.51743,0 6.425120000000001,52.51744000000001,0 6.424750000000001,52.51747,0 6.424300000000001,52.51753000000002,0 6.42414,52.51755000000001,0 6.4241,52.51755000000001,0 6.424060000000001,52.51755000000001,0 6.42405,52.51758,0 6.424040000000001,52.5176,0 6.42401,52.51764000000001,0 6.423920000000001,52.51767,0 6.42382,52.51769,0 6.423710000000001,52.51770000000001,0 6.423600000000001,52.51770000000001,0 6.42344,52.51770000000001,0 6.42334,52.51772,0 6.422780000000001,52.51783,0 6.422680000000001,52.51786000000001,0 6.422590000000001,52.51789,0 6.422140000000001,52.51802000000001,0 6.42163,52.51814,0 6.42081,52.51828,0 6.42065,52.5183,0 6.420490000000001,52.51831000000001,0 6.42038,52.51833000000001,0 6.420300000000001,52.51834000000001,0 6.42023,52.51836,0 6.419610000000001,52.51846000000001,0 6.418530000000001,52.51862,0 6.4183,52.51866,0 6.41824,52.51866,0 6.418200000000001,52.51867000000001,0 6.417319999999999,52.51880000000001,0 6.416980000000001,52.51884000000001,0 6.415600000000001,52.51904,0 6.41488,52.51914000000001,0 6.41461,52.51920000000001,0 6.41434,52.51925000000001,0 6.413980000000001,52.51933,0 6.413360000000001,52.51948,0 6.413080000000001,52.51956000000001,0 6.412780000000001,52.51966,0 6.41272,52.51967999999999,0 6.412660000000001,52.51969,0 6.41251,52.51974000000001,0 6.412350000000001,52.51979000000001,0 6.41227,52.51981000000001,0 6.4122,52.51983000000001,0 6.41208,52.51987,0 6.411960000000001,52.51990000000001,0 6.411540000000001,52.52003000000001,0 6.411110000000001,52.52015000000001,0 6.409230000000001,52.52072,0 6.40909,52.52073,0 6.405830000000001,52.52174,0 6.404780000000001,52.52205000000001,0 6.40394,52.52228,0 6.403210000000001,52.52247000000001,0 6.401350000000002,52.52289,0 6.400980000000001,52.52297,0 6.399240000000001,52.52335000000001,0 6.398820000000001,52.52344,0 6.39861,52.52349,0 6.398390000000002,52.52354,0 6.398290000000001,52.52359000000001,0 6.397480000000002,52.52376000000001,0 6.395960000000001,52.52413000000001,0 6.3958,52.52417000000001,0 6.39571,52.52418000000001,0 6.395639999999999,52.52420000000002,0 6.395600000000001,52.52421,0 6.39545,52.52424000000001,0 6.394970000000001,52.52434,0 6.39493,52.52435000000001,0 
				</coordinates>
			</LineString>
		</Placemark>
		<Placemark>
			<name>Provincial road N34 (Netherlands) - South to North</name>
			<styleUrl>#line-1267FF-40</styleUrl>
			<LineString>
				<coordinates>
					6.394920000000002,52.52426,0 6.395219999999999,52.52420000000002,0 6.39541,52.52416,0 6.395600000000001,52.52412000000001,0 6.39576,52.52408000000001,0 6.397449999999999,52.52370000000001,0 6.398260000000001,52.52354,0 6.398390000000002,52.52354,0 6.39861,52.52349,0 6.398820000000001,52.52344,0 6.399240000000001,52.52335000000001,0 6.400980000000001,52.52297,0 6.401350000000002,52.52289,0 6.403210000000001,52.52247000000001,0 6.40394,52.52228,0 6.404780000000001,52.52205000000001,0 6.405830000000001,52.52174,0 6.40909,52.52073,0 6.409190000000001,52.52068000000001,0 6.411090000000001,52.52009000000001,0 6.4115,52.51997000000001,0 6.4119,52.51985000000001,0 6.412030000000001,52.51981000000001,0 6.41216,52.51977,0 6.412240000000001,52.51975,0 6.41232,52.51973000000001,0 6.412459999999999,52.51967999999999,0 6.412610000000001,52.51964,0 6.41267,52.51962000000001,0 6.41274,52.5196,0 6.41333,52.51942,0 6.413939999999999,52.51927000000001,0 6.41431,52.51918000000001,0 6.414580000000001,52.51913,0 6.41486,52.51908,0 6.417479999999999,52.5187,0 6.418430000000001,52.51856,0 6.418520000000001,52.51853999999999,0 6.4187,52.51852,0 6.4202,52.51829000000001,0 6.42027,52.51828,0 6.420350000000001,52.51827,0 6.420460000000001,52.51825,0 6.42062,52.51823000000001,0 6.420780000000001,52.51821,0 6.42159,52.51808000000001,0 6.4221,52.51797000000001,0 6.422370000000002,52.5179,0 6.422540000000002,52.51785,0 6.422630000000001,52.51781000000001,0 6.42274,52.51778,0 6.423150000000001,52.51769,0 6.42332,52.51766000000001,0 6.423590000000001,52.51764000000001,0 6.423750000000001,52.51763,0 6.42386,52.51762000000001,0 6.423909999999999,52.51759,0 6.423930000000001,52.51757000000001,0 6.423940000000002,52.51755000000001,0 6.42386,52.51747,0 6.423940000000002,52.51748,0 6.423990000000001,52.51748,0 6.42414,52.51747,0 6.42445,52.51744000000001,0 6.424830000000001,52.51739000000001,0 6.425400000000001,52.51737,0 6.426010000000001,52.51741000000001,0 6.426130000000001,52.51742,0 6.42621,52.51744000000001,0 6.426430000000001,52.51748,0 6.42701,52.51759,0 6.42781,52.51778,0 6.428820000000001,52.5181,0 6.4317,52.51907000000001,0 6.43402,52.51983000000001,0 6.436330000000001,52.5206,0 6.437,52.52083,0 6.437670000000001,52.52105,0 6.438420000000001,52.5213,0 6.439170000000001,52.52155000000001,0 6.43926,52.52157,0 6.440570000000001,52.52197,0 6.440930000000001,52.5221,0 6.44129,52.52223,0 6.44136,52.52225000000001,0 6.441420000000002,52.52227000000001,0 6.442120000000001,52.52251000000001,0 6.442520000000001,52.52267000000001,0 6.442570000000002,52.52271,0 6.442860000000001,52.52281000000001,0 6.443440000000001,52.52305000000001,0 6.44436,52.52348000000001,0 6.445170000000001,52.52392,0 6.445620000000002,52.52419,0 6.44635,52.52473000000001,0 6.446470000000001,52.52478000000001,0 6.447070000000001,52.52527000000001,0 6.44746,52.52559,0 6.447750000000001,52.52586,0 6.447760000000002,52.52586,0 6.44777,52.52586,0 6.44777,52.52585000000001,0 6.447780000000001,52.52585000000001,0 6.44779,52.52585000000001,0 6.44779,52.52586,0 6.447800000000001,52.52586,0 6.447810000000001,52.52586,0 6.447819999999999,52.52586,0 6.44783,52.52586,0 6.44784,52.52586,0 6.44784,52.52587000000001,0 6.447850000000002,52.52587000000001,0 6.44786,52.52587000000001,0 6.447870000000001,52.52587999999999,0 6.447880000000001,52.52587999999999,0 6.447880000000001,52.52589,0 6.44789,52.52589,0 6.44789,52.5259,0 6.447900000000001,52.5259,0 6.447900000000001,52.52591,0 6.447900000000001,52.52592000000001,0 6.447910000000001,52.52592000000001,0 6.447910000000001,52.52593000000001,0 6.447910000000001,52.52594000000001,0 6.447910000000001,52.52595,0 6.447900000000001,52.52595,0 6.447900000000001,52.52596000000001,0 6.44789,52.52597,0 6.44789,52.52598,0 6.447880000000001,52.52598,0 6.447870000000001,52.52598,0 6.447870000000001,52.52599000000001,0 6.4488,52.52683,0 6.44885,52.52694,0 6.44969,52.52771000000001,0 6.450520000000001,52.52849000000001,0 6.451110000000001,52.529,0 6.45152,52.52933,0 6.451950000000001,52.52965000000001,0 6.452590000000001,52.53007000000001,0 6.45312,52.53037999999999,0 6.454079999999999,52.53089000000001,0 6.455290000000001,52.53152000000001,0 6.4565,52.53215,0 6.457770000000001,52.5328,0 6.45904,52.53345,0 6.46321,52.53563,0 6.46602,52.53708,0 6.46741,52.5378,0 6.46879,52.53852000000001,0 6.469690000000002,52.53898,0 6.47043,52.53937000000001,0 6.47071,52.53951000000001,0 6.471150000000001,52.53974000000001,0 6.47177,52.54004999999999,0 6.47219,52.54025000000001,0 6.47252,52.54039,0 6.472799999999999,52.5405,0 6.47299,52.54057,0 6.47329,52.54068,0 6.473500000000001,52.54075,0 6.473590000000001,52.54078000000001,0 6.47416,52.54095,0 6.474530000000001,52.54105000000001,0 6.474920000000001,52.54114000000001,0 6.475420000000001,52.54124000000001,0 6.475849999999999,52.54131,0 6.476260000000001,52.54137000000001,0 6.476350000000001,52.54138000000001,0 6.477260000000001,52.54149000000001,0 6.47776,52.54154000000001,0 6.480410000000002,52.54178,0 6.4816,52.54187,0 6.481680000000001,52.54188,0 6.48176,52.54189,0 6.481870000000001,52.54190000000001,0 6.481890000000002,52.54190000000001,0 6.482010000000001,52.54191000000001,0 6.48317,52.542,0 6.484990000000001,52.54215000000001,0 6.487500000000002,52.54238000000001,0 6.488200000000001,52.54244000000001,0 6.489500000000001,52.54255000000001,0 6.489949999999999,52.5426,0 6.49051,52.54266,0 6.490970000000001,52.54271000000001,0 6.49115,52.54274000000001,0 6.49131,52.54276,0 6.491650000000001,52.54282000000001,0 6.491840000000001,52.54285,0 6.49232,52.54293999999999,0 6.49259,52.54300000000001,0 6.492840000000001,52.54305000000001,0 6.493300000000001,52.54316000000001,0 6.49356,52.54323,0 6.493950000000001,52.54333000000001,0 6.494510000000002,52.5435,0 6.495230000000001,52.54372000000001,0 6.495760000000001,52.54388,0 6.495800000000001,52.54390000000001,0 6.49774,52.54448000000001,0 6.49968,52.54506000000001,0 6.500940000000002,52.54544000000001,0 6.500960000000001,52.54544000000001,0 6.50138,52.54555,0 6.501840000000001,52.54566,0 6.502280000000001,52.54576,0 6.50264,52.54584000000001,0 6.503240000000002,52.54596,0 6.503760000000001,52.54606,0 6.5049,52.54629000000001,0 6.50605,52.54652,0 6.506530000000002,52.54667000000001,0 6.5068,52.54672000000001,0 6.507210000000001,52.54677000000001,0 6.507370000000002,52.54678000000001,0 6.507530000000002,52.54682,0 6.50762,52.54683000000001,0 6.507740000000001,52.54683000000001,0 6.508540000000001,52.547,0 6.508900000000001,52.54707000000001,0 6.50928,52.54714000000001,0 6.5101,52.54729,0 6.511330000000002,52.54753,0 6.511990000000001,52.54765,0 6.512440000000001,52.54774000000001,0 6.51264,52.54778,0 6.512689999999999,52.54782,0 6.512840000000001,52.54785,0 6.51315,52.54793,0 6.514060000000001,52.54818,0 6.51502,52.54845,0 6.516030000000001,52.54875000000001,0 6.517040000000001,52.54904000000001,0 6.518060000000001,52.54933,0 6.51902,52.54959,0 6.51965,52.54978000000001,0 6.52083,52.55011,0 6.524010000000001,52.55103,0 6.524880000000001,52.55129,0 6.524979999999999,52.55132,0 6.525040000000001,52.55139000000001,0 6.52521,52.55147000000001,0 6.52622,52.5517,0 6.526490000000002,52.55176,0 6.5266,52.55179,0 6.5268,52.55184000000001,0 6.52714,52.55194000000001,0 6.52819,52.55223,0 6.528450000000001,52.55230000000001,0 6.53176,52.55323000000001,0 6.532580000000001,52.55346,0 6.533390000000001,52.55369000000001,0 6.533469999999999,52.55369000000001,0 6.533880000000001,52.55379000000001,0 6.53425,52.55389,0 6.535,52.55403,0 6.535640000000002,52.55413000000002,0 6.535830000000001,52.55413000000002,0 6.53595,52.55413000000002,0 6.536000000000001,52.55412000000001,0 6.53617,52.55409,0 6.536230000000001,52.55406000000001,0 6.536270000000001,52.55404000000001,0 6.536320000000001,52.55402,0 6.536360000000001,52.55402,0 6.536390000000001,52.55401000000001,0 6.536440000000001,52.55401000000001,0 6.536480000000001,52.55401000000001,0 6.536530000000001,52.55401000000001,0 6.536580000000001,52.55402,0 6.53666,52.55403,0 6.53671,52.55405000000001,0 6.536770000000001,52.55408,0 6.536810000000001,52.55411000000001,0 6.536849999999999,52.55415000000001,0 6.53686,52.55419,0 6.53686,52.55423,0 6.536870000000001,52.55427,0 6.53686,52.55433,0 6.537160000000001,52.55442000000001,0 6.53765,52.55459000000001,0 6.537999999999999,52.55475000000001,0 6.538480000000001,52.55495000000001,0 6.538749999999999,52.55507000000001,0 6.5391,52.55522,0 6.539479999999999,52.55536000000001,0 6.539870000000001,52.55549000000001,0 6.540290000000001,52.55562000000001,0 6.540710000000001,52.55577,0 6.54112,52.55588,0 6.54154,52.556,0 6.543880000000002,52.55666,0 6.546220000000001,52.55732,0 6.550590000000001,52.55856000000001,0 6.551940000000001,52.55895,0 6.55233,52.55906,0 6.552420000000001,52.55905000000001,0 6.553800000000001,52.55943000000001,0 6.554729999999999,52.55970000000001,0 6.554860000000001,52.55974000000001,0 6.55611,52.56011000000001,0 6.556290000000001,52.56018,0 6.557690000000001,52.56058,0 6.55909,52.56097000000001,0 6.56024,52.5613,0 6.562220000000001,52.56185000000001,0 6.563420000000002,52.56218000000001,0 6.564230000000001,52.56241000000001,0 6.56555,52.56279000000001,0 6.56687,52.56317000000001,0 6.568919999999999,52.56375,0 6.57096,52.56433000000001,0 6.574500000000001,52.56532000000001,0 6.57805,52.56631000000001,0 6.580120000000001,52.5669,0 6.582190000000001,52.56749000000001,0 6.582500000000001,52.56758000000001,0 6.582800000000001,52.56767,0 6.58297,52.56772,0 6.58314,52.56776000000001,0 6.58493,52.56828,0 6.58586,52.56854000000001,0 6.586840000000001,52.56881,0 6.58762,52.56904,0 6.588500000000001,52.56930000000001,0 6.58855,52.56932000000001,0 6.589480000000001,52.56964,0 6.589830000000001,52.56978,0 6.59019,52.56991000000001,0 6.59034,52.56997000000001,0 6.590500000000001,52.57004000000001,0 6.59062,52.57009000000001,0 6.59074,52.57014,0 6.59154,52.57048,0 6.592340000000001,52.57083,0 6.592580000000001,52.57093,0 6.592820000000001,52.57103,0 6.59318,52.57116000000001,0 6.59421,52.57161000000001,0 6.59457,52.57178000000001,0 6.595060000000001,52.57202,0 6.595540000000001,52.57225,0 6.59613,52.57255000000001,0 6.59672,52.57285,0 6.597189999999999,52.57309000000001,0 6.598700000000002,52.57383,0 6.60019,52.57451,0 6.600610000000001,52.57469,0 6.601030000000001,52.57486,0 6.601290000000001,52.57497000000001,0 6.601430000000001,52.57503000000001,0 6.601500000000002,52.57506,0 6.601620000000001,52.57511,0 6.602340000000001,52.57541000000001,0 6.603110000000001,52.57570000000001,0 6.603660000000001,52.57591000000001,0 6.604700000000001,52.5763,0 6.60625,52.57683,0 6.60676,52.57702000000001,0 6.607510000000001,52.57731000000001,0 6.607860000000001,52.57745,0 6.608630000000001,52.57777,0 6.60882,52.57785000000001,0 6.608860000000001,52.57787,0 6.608960000000001,52.57791,0 6.609260000000001,52.57805000000001,0 6.609629999999999,52.57822,0 6.60977,52.57830000000001,0 6.61272,52.57956,0 6.613,52.57967000000001,0 6.613760000000001,52.57999,0 6.61435,52.58025000000001,0 6.614610000000002,52.58036000000001,0 6.614750000000001,52.58042,0 6.61476,52.58043000000001,0 6.6149,52.58048000000001,0 6.6153,52.58065000000001,0 6.61612,52.581,0 6.61671,52.58125,0 6.617830000000001,52.58173,0 6.620620000000002,52.58290000000001,0 6.62145,52.58325000000001,0 6.622280000000002,52.5836,0 6.622400000000001,52.58365,0 6.62301,52.58394000000001,0 6.623640000000001,52.58421000000001,0 6.623790000000001,52.58423999999999,0 6.62473,52.58469,0 6.624860000000001,52.58475000000001,0 6.624990000000001,52.58485,0 6.625290000000001,52.58499000000001,0 6.62639,52.58559,0 6.626930000000001,52.58592,0 6.627520000000001,52.58629,0 6.628080000000001,52.58665,0 6.62854,52.58696000000001,0 6.62936,52.58757000000001,0 6.62973,52.58786000000001,0 6.63119,52.58905000000001,0 6.631220000000001,52.58907000000001,0 6.634270000000001,52.59156,0 6.634530000000001,52.59178000000001,0 6.63464,52.59186,0 6.63522,52.59234000000001,0 6.63555,52.59261000000001,0 6.637140000000001,52.59390000000001,0 6.63751,52.59419000000001,0 6.63806,52.59465,0 6.640700000000001,52.59679000000001,0 6.64155,52.59748,0 6.64167,52.59757000000001,0 6.641780000000001,52.59765,0 6.64264,52.59837,0 6.64355,52.5992,0 6.64469,52.60043,0 6.645350000000001,52.60126,0 6.645690000000002,52.60172000000001,0 6.645890000000001,52.60201000000001,0 6.646470000000001,52.60294,0 6.647270000000001,52.60422000000001,0 6.648420000000001,52.60610999999999,0 6.648870000000001,52.60683,0 6.649000000000001,52.60703,0 6.649410000000001,52.60762,0 6.64991,52.60821000000001,0 6.650060000000002,52.60836000000001,0 6.650250000000001,52.60855000000001,0 6.650440000000001,52.60875000000001,0 6.650860000000001,52.60910000000001,0 6.651269999999999,52.60946000000001,0 6.651710000000001,52.60976,0 6.652150000000001,52.61007000000001,0 6.652419999999999,52.61024000000001,0 6.652680000000001,52.61042000000001,0 6.65366,52.61107000000001,0 6.654640000000001,52.61173,0 6.65524,52.61212,0 6.655270000000001,52.61214,0 6.655830000000002,52.61251000000001,0 6.657240000000001,52.61347000000001,0 6.657760000000001,52.61385000000001,0 6.658010000000001,52.61404,0 6.658320000000001,52.61427999999999,0 6.658550000000002,52.61447,0 6.65859,52.61453,0 6.658939999999999,52.61481000000001,0 6.659690000000001,52.61545,0 6.660600000000001,52.61633,0 6.660830000000001,52.61654000000001,0 6.66171,52.61755,0 6.662140000000001,52.61796,0 6.662640000000001,52.61839000000001,0 6.66295,52.61863,0 6.663320000000002,52.6189,0 6.663780000000001,52.61920000000001,0 6.664190000000001,52.61944000000001,0 6.664670000000001,52.61971000000001,0 6.66485,52.61980999999999,0 6.66499,52.61988,0 6.66511,52.61993,0 6.665260000000001,52.62,0 6.66653,52.62056000000001,0 6.66725,52.62086,0 6.66978,52.62194,0 6.672310000000001,52.62301000000001,0 6.678900000000001,52.62582,0 6.679650000000001,52.62616000000001,0 6.680040000000001,52.62636999999999,0 6.680619999999999,52.62671,0 6.68142,52.62723,0 6.68184,52.62755000000001,0 6.68221,52.62786000000001,0 6.682610000000001,52.62822000000001,0 6.682950000000002,52.62855,0 6.683330000000001,52.62897,0 6.68426,52.63016,0 6.68465,52.63071000000001,0 6.686280000000001,52.63289,0 6.68801,52.63519,0 6.689730000000001,52.63748,0 6.691180000000001,52.63939000000001,0 6.693540000000001,52.64250000000001,0 6.69427,52.64345,0 6.69455,52.64376,0 6.69519,52.64434000000001,0 6.696040000000001,52.64497000000001,0 6.696090000000001,52.645,0 6.69613,52.64504000000001,0 6.697330000000001,52.64582000000001,0 6.698520000000001,52.64660000000001,0 6.699330000000001,52.6471,0 6.69962,52.64725000000001,0 6.7003,52.64754,0 6.701940000000001,52.64809,0 6.70373,52.64870000000001,0 6.704620000000001,52.64902000000001,0 6.705509999999999,52.64934,0 6.706370000000001,52.64972,0 6.707800000000001,52.6505,0 6.708710000000001,52.65116,0 6.709000000000001,52.65139000000001,0 6.70919,52.65156,0 6.70941,52.65176,0 6.70965,52.65197000000001,0 6.710080000000001,52.6524,0 6.710459999999999,52.65283,0 6.710850000000001,52.65327000000001,0 6.710960000000001,52.65340000000001,0 6.71107,52.65353,0 6.71252,52.65523,0 6.713970000000001,52.65693,0 6.714630000000001,52.65770000000001,0 6.71529,52.65847,0 6.71536,52.65855000000001,0 6.715500000000001,52.6587,0 6.71557,52.65879,0 6.715640000000001,52.65887000000001,0 6.715700000000001,52.65893999999999,0 6.716380000000001,52.65976000000001,0 6.716410000000002,52.65979,0 6.71663,52.66002,0 6.717680000000001,52.66132,0 6.71851,52.66235000000001,0 6.7186,52.66245000000001,0 6.718660000000001,52.66254000000001,0 6.718730000000002,52.66264,0 6.719480000000001,52.66359000000001,0 6.720230000000001,52.66455000000001,0 6.72064,52.66504000000001,0 6.72426,52.66971,0 6.72444,52.66993,0 6.724530000000001,52.67005000000001,0 6.724559999999999,52.67008000000001,0 6.724620000000001,52.67015000000001,0 6.724930000000001,52.67054,0 6.725250000000001,52.67094000000001,0 6.72602,52.67188,0 6.726570000000001,52.6726,0 6.72672,52.67280000000001,0 6.726880000000001,52.673,0 6.72787,52.67424000000001,0 6.729620000000001,52.67649,0 6.729730000000001,52.67663,0 6.729750000000001,52.67664000000001,0 6.729840000000001,52.67677000000001,0 6.732220000000001,52.67977999999999,0 6.73277,52.68047,0 6.733070000000001,52.68087000000001,0 6.733370000000001,52.68127000000001,0 6.73383,52.68186,0 6.73429,52.68244000000001,0 6.734520000000001,52.68272000000001,0 6.73474,52.68299,0 6.737000000000001,52.68594,0 6.737310000000001,52.68636,0 6.73737,52.68645000000001,0 6.737380000000001,52.68646,0 6.73746,52.68656000000001,0 6.739450000000001,52.68948,0 6.740270000000001,52.69075,0 6.74091,52.69181,0 6.741710000000001,52.69315,0 6.74227,52.69416,0 6.743740000000001,52.69689,0 6.7438,52.697,0 6.743810000000001,52.69701000000001,0 6.74387,52.69713,0 6.744390000000001,52.69815000000001,0 6.74534,52.69990000000001,0 6.746639999999999,52.70234,0 6.74708,52.70310000000001,0 6.747370000000001,52.70357000000001,0 6.74765,52.70395000000001,0 6.74793,52.70433000000001,0 6.74882,52.70544,0 6.7491,52.70572000000001,0 6.749610000000001,52.70626,0 6.750550000000001,52.70712000000001,0 6.751520000000001,52.70793,0 6.751580000000001,52.70798000000001,0 6.751650000000001,52.70803,0 6.75175,52.70811000000001,0 6.751770000000001,52.70812,0 6.75184,52.70817,0 6.75196,52.70826000000001,0 6.752870000000001,52.70892000000001,0 6.754110000000001,52.70969,0 6.754760000000002,52.71004,0 6.756130000000001,52.71081,0 6.757260000000001,52.71140000000001,0 6.760470000000001,52.71311000000001,0 6.762000000000001,52.71392,0 6.762910000000002,52.71438000000001,0 6.76524,52.71558,0 6.76534,52.71565000000001,0 6.7682,52.71709000000001,0 6.768610000000001,52.71729000000001,0 6.769490000000001,52.71774000000001,0 6.771610000000001,52.71878,0 6.771789999999999,52.71886000000001,0 6.771960000000001,52.71894,0 6.773350000000001,52.71962000000001,0 6.77474,52.7203,0 6.77606,52.72093,0 6.77737,52.72156,0 6.777940000000001,52.72185000000001,0 6.778510000000001,52.72214,0 6.778600000000001,52.72215000000001,0 6.780440000000001,52.72301,0 6.780810000000001,52.72320000000001,0 6.781780000000001,52.72371000000001,0 6.782640000000001,52.72416,0 6.783040000000001,52.72438000000001,0 6.78319,52.72446,0 6.78575,52.72583,0 6.786490000000001,52.72627,0 6.787859999999999,52.72707000000001,0 6.788940000000001,52.72772000000001,0 6.789009999999999,52.72776,0 6.78908,52.72779000000001,0 6.789180000000001,52.72786000000001,0 6.789260000000001,52.72791000000001,0 6.789400000000001,52.728,0 6.789450000000001,52.72803,0 6.789820000000001,52.72827000000001,0 6.790200000000001,52.7285,0 6.792020000000001,52.72977000000001,0 6.793850000000001,52.73104000000001,0 6.79457,52.73152000000001,0 6.79529,52.73199,0 6.795330000000001,52.73203,0 6.79538,52.73207000000001,0 6.795450000000001,52.73211000000001,0 6.795520000000001,52.73215,0 6.795610000000001,52.73222000000001,0 6.795690000000001,52.73226,0 6.795750000000001,52.73230000000001,0 6.795750000000001,52.73231000000001,0 6.79581,52.73235,0 6.79662,52.7329,0 6.797429999999999,52.73346,0 6.79846,52.73416000000001,0 6.7987,52.73432,0 6.799880000000001,52.73511000000001,0 6.80345,52.73739000000001,0 6.804940000000001,52.73833,0 6.80626,52.73913,0 6.809200000000001,52.74087,0 6.812190000000001,52.74258000000001,0 6.813910000000001,52.74354,0 6.81627,52.74482,0 6.817660000000001,52.74558,0 6.819040000000001,52.74633000000002,0 6.8225,52.74825,0 6.82251,52.74825,0 6.82387,52.74901000000001,0 6.824330000000001,52.74930000000001,0 6.82612,52.75033999999999,0 6.828620000000001,52.75182,0 6.82966,52.75245,0 6.831970000000001,52.75389000000001,0 6.834290000000001,52.75533000000002,0 6.834420000000001,52.75541000000001,0 6.834480000000001,52.75545000000001,0 6.835330000000001,52.75601,0 6.836160000000001,52.75660000000001,0 6.837409999999999,52.75756000000001,0 6.838500000000002,52.75850999999999,0 6.83863,52.75862000000001,0 6.83877,52.75873000000001,0 6.839180000000001,52.75913000000001,0 6.839690000000001,52.75970000000001,0 6.83981,52.75983,0 6.840210000000001,52.76031000000001,0 6.840770000000001,52.76097000000001,0 6.84083,52.76111,0 6.841060000000001,52.76139000000001,0 6.841110000000001,52.76149,0 6.841210000000001,52.76164000000001,0 6.841300000000001,52.76178,0 6.841360000000001,52.7619,0 6.84144,52.76200000000002,0 6.84144,52.76201,0 6.84149,52.76208000000001,0 6.841530000000001,52.76214,0 6.841550000000002,52.76216,0 6.841600000000001,52.76226,0 6.841609999999999,52.76228,0 6.84168,52.76236,0 6.841900000000001,52.76272,0 6.842230000000001,52.76334,0 6.842330000000001,52.76354000000001,0 6.84248,52.76379000000001,0 6.842720000000001,52.76441000000001,0 6.8429,52.76498,0 6.843179999999999,52.76582000000001,0 6.843240000000001,52.76599,0 6.84328,52.76616000000001,0 6.84334,52.7664,0 6.84343,52.76669,0 6.843450000000002,52.76679000000001,0 6.84381,52.76877,0 6.844170000000001,52.77075000000001,0 6.844200000000001,52.77102000000001,0 6.844230000000001,52.7713,0 6.84431,52.77185000000001,0 6.84468,52.77405,0 6.844770000000001,52.77445,0 6.84487,52.77486,0 6.845050000000001,52.77621,0 6.84524,52.77756,0 6.845260000000002,52.77764000000001,0 6.84527,52.77772,0 6.845400000000001,52.77862,0 6.845530000000001,52.77951,0 6.84571,52.78105000000001,0 6.845890000000001,52.78260000000001,0 6.84615,52.78523000000001,0 6.84615,52.78531,0 6.84615,52.78532000000001,0 6.84615,52.78538000000001,0 6.846160000000001,52.78551,0 6.846170000000002,52.78564,0 6.84633,52.78676,0 6.846520000000001,52.78785000000001,0 6.84653,52.78794000000001,0 6.846540000000001,52.78803000000001,0 6.846650000000001,52.78847,0 6.84684,52.78933000000001,0 6.847310000000001,52.79091000000001,0 6.84733,52.79096999999999,0 6.847340000000001,52.79099,0 6.847350000000001,52.79103000000001,0 6.847360000000001,52.79107000000001,0 6.847760000000001,52.79217000000001,0 6.848220000000001,52.79327,0 6.84832,52.79346,0 6.84834,52.79351000000001,0 6.84834,52.79352,0 6.84836,52.79357,0 6.848430000000001,52.79371,0 6.848490000000001,52.79386,0 6.849030000000001,52.79489,0 6.84963,52.79596,0 6.849880000000002,52.79637,0 6.850130000000002,52.79678000000001,0 6.85024,52.79697000000001,0 6.851210000000001,52.79838,0 6.852750000000001,52.80044,0 6.85415,52.80222,0 6.8543,52.80240000000001,0 6.854450000000001,52.80259,0 6.854500000000002,52.80265000000001,0 6.854550000000001,52.80271000000001,0 6.854610000000001,52.80278000000001,0 6.854660000000002,52.80285000000001,0 6.8547,52.80291,0 6.854710000000001,52.80291,0 6.85475,52.80297000000001,0 6.85605,52.80466000000001,0 6.85634,52.80507000000001,0 6.856440000000001,52.80519,0 6.85709,52.80606,0 6.857390000000001,52.8065,0 6.857580000000001,52.8068,0 6.85822,52.80803000000001,0 6.858270000000001,52.80818000000001,0 6.85864,52.80922,0 6.85886,52.81029,0 6.858890000000001,52.81065,0 6.858930000000001,52.81105,0 6.85892,52.81194000000001,0 6.858850000000001,52.81256,0 6.858800000000001,52.81295000000001,0 6.858610000000001,52.81369,0 6.858460000000002,52.8141,0 6.85831,52.81452,0 6.858230000000001,52.81473,0 6.858140000000001,52.81488,0 6.858140000000001,52.81498000000001,0 6.85777,52.81563000000001,0 6.857710000000002,52.81574000000001,0 6.857660000000001,52.81584000000001,0 6.857600000000001,52.81593,0 6.85753,52.81597000000001,0 6.857460000000001,52.81601000000001,0 6.85714,52.81644000000001,0 6.85681,52.81686999999999,0 6.856640000000001,52.81706,0 6.85559,52.81807000000001,0 6.853960000000001,52.81941000000001,0 6.853140000000001,52.82004000000001,0 6.852770000000001,52.8203,0 6.852110000000001,52.82074000000001,0 6.85028,52.82190000000001,0 6.84867,52.82296,0 6.848310000000002,52.82321,0 6.84796,52.82346,0 6.847860000000001,52.82353000000001,0 6.847799999999999,52.82358000000001,0 6.847740000000002,52.82362,0 6.847670000000001,52.82367000000001,0 6.84615,52.82477,0 6.845210000000001,52.82550000000001,0 6.844170000000001,52.82634,0 6.843509999999999,52.82690000000001,0 6.84283,52.82748,0 6.841780000000001,52.82843,0 6.84135,52.82883,0 6.841220000000002,52.82896,0 6.84093,52.82923,0 6.8409,52.82926,0 6.8409,52.82927,0 6.840859999999999,52.8293,0 6.83954,52.83066,0 6.838140000000001,52.83222000000001,0 6.837050000000001,52.83356000000001,0 6.836749999999999,52.83393000000001,0 6.835470000000001,52.83561,0 6.835110000000001,52.8361,0 6.833240000000001,52.83883,0 6.832630000000001,52.83976000000001,0 6.832580000000002,52.83984,0 6.832580000000002,52.83985,0 6.83253,52.83993000000001,0 6.832100000000001,52.84061000000001,0 6.83042,52.84351,0 6.829280000000001,52.84564,0 6.828410000000001,52.84742000000001,0 6.82828,52.8477,0 6.828100000000001,52.84826,0 6.827920000000001,52.84905000000001,0 6.82785,52.84976,0 6.827860000000001,52.85010999999999,0 6.827870000000002,52.85032,0 6.827900000000001,52.85067,0 6.82795,52.85097,0 6.828060000000001,52.85136000000001,0 6.828200000000002,52.85183000000001,0 6.828290000000001,52.85209,0 6.8284,52.85235,0 6.828659999999999,52.85287,0 6.828720000000001,52.85296,0 6.828780000000002,52.85305000000001,0 6.828900000000001,52.85321,0 6.82913,52.85358000000001,0 6.829409999999999,52.85396000000002,0 6.829650000000001,52.85427,0 6.829890000000001,52.85456000000001,0 6.830100000000002,52.85481000000001,0 6.830590000000002,52.85532000000001,0 6.831180000000001,52.85598,0 6.831360000000001,52.85617000000001,0 6.831820000000001,52.85665,0 6.8319,52.85673000000001,0 6.833250000000001,52.85819,0 6.833430000000001,52.8584,0 6.833699999999999,52.85873,0 6.834000000000001,52.85918,0 6.834510000000001,52.85992,0 6.834540000000001,52.85998000000001,0 6.83455,52.85999,0 6.834580000000001,52.86005,0 6.8349,52.86062,0 6.83527,52.86149,0 6.83553,52.86217000000001,0 6.835690000000001,52.86273000000001,0 6.83576,52.86323,0 6.835830000000001,52.86373,0 6.83586,52.86383,0 6.835890000000001,52.86444,0 6.835900000000001,52.86478,0 6.83591,52.86511000000001,0 6.835900000000001,52.86518,0 6.835900000000001,52.86519999999999,0 6.835830000000001,52.86529,0 6.835630000000002,52.86620000000001,0 6.835500000000001,52.86661000000001,0 6.835210000000002,52.86725,0 6.834930000000001,52.86789000000001,0 6.83426,52.86909000000001,0 6.833600000000001,52.87028000000001,0 6.832390000000001,52.87208,0 6.83119,52.87388000000001,0 6.831020000000001,52.87414000000001,0 6.830850000000001,52.87439000000001,0 6.82988,52.87583000000002,0 6.828900000000001,52.87727,0 6.828860000000001,52.87735000000001,0 6.828810000000001,52.87743,0 6.828460000000001,52.87796,0 6.828110000000002,52.87849000000001,0 6.827440000000001,52.8796,0 6.826770000000001,52.88071000000001,0 6.826290000000001,52.88149000000001,0 6.825810000000001,52.88228,0 6.82577,52.88234,0 6.82568,52.88247000000001,0 6.82556,52.88266,0 6.82555,52.8827,0 6.825540000000001,52.88272000000001,0 6.825530000000001,52.88275,0 6.82531,52.88313,0 6.825260000000001,52.88321000000001,0 6.825209999999999,52.88329,0 6.82516,52.88338,0 6.825010000000001,52.88354,0 6.82486,52.88370000000001,0 6.82455,52.88411000000001,0 6.824240000000001,52.88452,0 6.822430000000002,52.88692,0 6.82085,52.88922,0 6.82047,52.88979,0 6.82009,52.89036,0 6.819870000000002,52.89067000000001,0 6.819660000000001,52.89098000000001,0 6.81855,52.89264000000001,0 6.81744,52.8943,0 6.81707,52.89485000000001,0 6.816700000000001,52.89540000000001,0 6.816549999999999,52.89561000000001,0 6.8164,52.89582000000001,0 6.8162,52.89612,0 6.816000000000002,52.89642000000001,0 6.815760000000002,52.89679000000001,0 6.81552,52.89716000000001,0 6.81528,52.8975,0 6.815040000000001,52.89785000000001,0 6.81484,52.89815,0 6.814430000000002,52.89866000000001,0 6.814080000000001,52.89906000000001,0 6.813890000000001,52.89926000000001,0 6.813700000000001,52.89944000000001,0 6.813499999999999,52.89963,0 6.81306,52.90000000000001,0 6.812940000000001,52.90009000000001,0 6.812300000000001,52.90058000000001,0 6.811940000000001,52.90082000000001,0 6.811800000000002,52.90090000000001,0 6.81141,52.90114000000001,0 6.81094,52.90141000000001,0 6.808870000000001,52.90256,0 6.808710000000001,52.90265,0 6.808100000000001,52.90298000000001,0 6.8075,52.90332,0 6.806120000000001,52.90409,0 6.804880000000001,52.90479000000001,0 6.80478,52.90487,0 6.803990000000001,52.9053,0 6.803500000000001,52.90558000000001,0 6.803090000000001,52.90583,0 6.802000000000001,52.90645000000001,0 6.801520000000001,52.90674,0 6.801450000000001,52.90675,0 6.801380000000001,52.90676000000001,0 6.79898,52.90808000000001,0 6.798380000000001,52.90843,0 6.797870000000001,52.90876,0 6.797120000000001,52.90932,0 6.79662,52.90973,0 6.79609,52.91027,0 6.794910000000001,52.91153000000001,0 6.793860000000001,52.91268,0 6.793120000000001,52.91350000000001,0 6.792370000000001,52.91433000000001,0 6.79229,52.91441000000001,0 6.79222,52.9145,0 6.792170000000001,52.91454,0 6.792170000000001,52.91455,0 6.79213,52.91459,0 6.792050000000001,52.91468,0 6.791970000000001,52.91477000000001,0 6.79192,52.91481,0 6.79191,52.91482000000001,0 6.791860000000001,52.91488000000001,0 6.791750000000001,52.91500000000001,0 6.79164,52.91513000000001,0 6.78957,52.91741000000001,0 6.787490000000001,52.91969000000001,0 6.78727,52.91995000000001,0 6.78705,52.92021,0 6.787000000000001,52.92026000000001,0 6.787000000000001,52.92027,0 6.786930000000001,52.92036,0 6.786740000000002,52.92053000000001,0 6.785940000000001,52.9217,0 6.78548,52.92242,0 6.785170000000002,52.92299000000001,0 6.785139999999999,52.92304000000001,0 6.785100000000001,52.92310000000001,0 6.785060000000001,52.92318,0 6.784840000000002,52.92360000000001,0 6.784310000000001,52.92488,0 6.784180000000002,52.92526,0 6.78413,52.92541000000001,0 6.78403,52.92570000000001,0 6.783930000000002,52.92598,0 6.783930000000002,52.92600000000001,0 6.783920000000001,52.92603,0 6.78391,52.92609,0 6.783840000000001,52.92636000000001,0 6.78361,52.92737,0 6.783460000000001,52.92830000000001,0 6.78342,52.92873,0 6.78338,52.92959000000001,0 6.783440000000001,52.93095,0 6.78347,52.93176,0 6.783560000000001,52.93302000000001,0 6.783659999999999,52.93462,0 6.783770000000001,52.93622000000001,0 6.783860000000001,52.93783000000001,0 6.78396,52.93943,0 6.78427,52.94456,0 6.784280000000001,52.94509,0 6.784300000000001,52.94566,0 6.78429,52.94577,0 6.78424,52.94686,0 6.784180000000002,52.94739000000001,0 6.783930000000002,52.94883,0 6.78347,52.95057000000001,0 6.783410000000001,52.95074,0 6.78334,52.95099,0 6.783260000000001,52.95125,0 6.783230000000001,52.95138000000001,0 6.783200000000001,52.9515,0 6.78312,52.95173999999999,0 6.783040000000001,52.95197,0 6.782970000000001,52.95218,0 6.782900000000001,52.9524,0 6.782710000000001,52.95298000000001,0 6.78223,52.95459,0 6.78199,52.95538000000001,0 6.781759999999999,52.95617000000001,0 6.78138,52.9574,0 6.78101,52.95863000000001,0 6.780540000000001,52.96015000000001,0 6.780080000000001,52.96167000000001,0 6.77998,52.96201000000001,0 6.779880000000001,52.96234000000001,0 6.779020000000001,52.96511,0 6.77859,52.96661,0 6.778130000000001,52.96811,0 6.77768,52.9696,0 6.777430000000001,52.97045000000001,0 6.777170000000002,52.97130000000001,0 6.777120000000001,52.97145,0 6.77711,52.97148000000001,0 6.777070000000001,52.9716,0 6.777060000000001,52.97166000000001,0 6.77704,52.97172000000001,0 6.77699,52.97188,0 6.776160000000001,52.97443000000001,0 6.776100000000001,52.97461000000001,0 6.776070000000001,52.97469,0 6.776,52.97492,0 6.77582,52.97537000000001,0 6.775440000000002,52.97625000000001,0 6.774890000000001,52.97741,0 6.774480000000001,52.97812,0 6.77385,52.97891,0 6.773400000000001,52.97938000000001,0 6.771039999999999,52.98177000000001,0 6.768980000000001,52.98381000000001,0 6.76627,52.98656,0 6.76374,52.98911000000001,0 6.763140000000001,52.98970000000001,0 6.76232,52.99053000000001,0 6.761540000000001,52.9913,0 6.76048,52.99225,0 6.75928,52.99321000000001,0 6.757620000000001,52.99444,0 6.75679,52.99507000000001,0 6.75664,52.9952,0 6.756500000000001,52.99532000000001,0 6.756430000000001,52.99538,0 6.756340000000001,52.99546,0 6.755660000000001,52.99607,0 6.755260000000001,52.99645,0 6.75507,52.99664,0 6.754690000000001,52.99704000000001,0 6.75417,52.99763,0 6.753620000000001,52.99833,0 6.75356,52.99841000000001,0 6.75351,52.99848000000001,0 6.752750000000001,52.99958,0 6.75271,52.99976,0 6.752409999999999,53.00025,0 6.75211,53.00085000000001,0 6.75182,53.00144,0 6.751740000000001,53.00161000000001,0 6.75166,53.00179000000001,0 6.751280000000001,53.00265,0 6.75102,53.00339,0 6.75074,53.00486000000001,0 6.750070000000001,53.00822,0 6.75006,53.00831,0 6.750050000000002,53.00839000000001,0 6.750019999999999,53.00854,0 6.74988,53.00925,0 6.749860000000001,53.00953000000001,0 6.74988,53.00965000000001,0 6.74992,53.00971000000001,0 6.750100000000001,53.00982000000001,0 6.75023,53.00984000000001,0 6.750340000000001,53.00988,0 6.750439999999999,53.00993,0 6.75054,53.00998,0 6.75056,53.01000000000001,0 6.750620000000001,53.01004,0 6.75069,53.01011000000001,0 6.750750000000001,53.01018000000001,0 6.750830000000001,53.01025000000001,0 6.750830000000001,53.01034000000001,0 6.750850000000001,53.01044,0 6.75084,53.01053,0 6.750820000000001,53.01062000000001,0 6.750820000000001,53.01063000000001,0 6.75079,53.01069,0 6.75078,53.01069,0 6.750769999999999,53.01072000000001,0 6.750750000000001,53.01074000000001,0 6.7507,53.0108,0 6.750620000000001,53.01088000000001,0 6.75051,53.01095,0 6.750470000000002,53.01098000000001,0 6.750420000000001,53.01101,0 6.75036,53.01104000000001,0 6.7503,53.01106000000002,0 6.750240000000001,53.01108000000001,0 6.75018,53.01110000000001,0 6.75012,53.01112,0 6.750050000000002,53.01112,0 6.749960000000002,53.01118,0 6.74985,53.01125,0 6.749770000000001,53.01130000000001,0 6.74966,53.01140000000001,0 6.749610000000001,53.01147,0 6.749560000000001,53.01153000000001,0 6.749530000000001,53.01159000000001,0 6.7495,53.01167,0 6.74941,53.01195000000001,0 6.749290000000001,53.01241,0 6.749230000000002,53.01263,0 6.749180000000001,53.01269000000001,0 6.748250000000001,53.01775000000001,0 6.747960000000001,53.01918,0 6.747910000000002,53.01946000000001,0 6.747850000000001,53.01973,0 6.74783,53.01982000000001,0 6.74783,53.01983000000001,0 6.747800000000001,53.01993000000001,0 6.747630000000001,53.02062,0 6.747280000000001,53.02146,0 6.747120000000001,53.02178000000001,0 6.746910000000002,53.02214000000001,0 6.746480000000001,53.02276000000001,0 6.74616,53.02317000000001,0 6.74568,53.02374,0 6.745290000000001,53.02417000000001,0 6.74502,53.02444000000001,0 6.744560000000001,53.02483,0 6.743980000000001,53.02529000000001,0 6.743640000000001,53.02551,0 6.743300000000001,53.02572000000001,0 6.742140000000002,53.02646,0 6.740780000000001,53.02738000000001,0 6.738760000000002,53.02864,0 6.738040000000001,53.02908000000001,0 6.73792,53.02916,0 6.737909999999999,53.02916,0 6.737780000000001,53.02924000000001,0 6.73674,53.02987,0 6.73573,53.03045,0 6.734970000000001,53.03085,0 6.734120000000001,53.03135000000001,0 6.733470000000001,53.03175,0 6.732560000000001,53.03234000000001,0 6.73193,53.03281000000001,0 6.73082,53.03375000000001,0 6.729020000000001,53.03535,0 6.72864,53.03568000000001,0 6.728590000000001,53.03572000000001,0 6.728580000000001,53.03573,0 6.72852,53.03578,0 6.724490000000001,53.03927,0 6.72315,53.04041,0 6.720750000000001,53.04246000000001,0 6.719939999999999,53.04315,0 6.719320000000001,53.04369000000001,0 6.71834,53.04455,0 6.717730000000001,53.04507,0 6.71762,53.04517000000001,0 6.717070000000001,53.04564000000001,0 6.716559999999999,53.04607000000001,0 6.716050000000001,53.04649000000001,0 6.7159,53.04664,0 6.71575,53.04679,0 6.71557,53.04695,0 6.71339,53.04872000000001,0 6.713310000000001,53.04878000000001,0 6.713310000000001,53.04879,0 6.71323,53.04885,0 6.712890000000001,53.04917,0 6.712870000000001,53.04919,0 6.712450000000001,53.04961,0 6.711910000000001,53.05016999999999,0 6.71114,53.05102,0 6.710850000000001,53.05145,0 6.71056,53.05188,0 6.710390000000001,53.05208,0 6.70959,53.0532,0 6.709309999999999,53.05358,0 6.709020000000001,53.05401000000001,0 6.708690000000001,53.05448000000001,0 6.708290000000001,53.05505,0 6.70784,53.05569000000001,0 6.707330000000001,53.05642000000001,0 6.706960000000001,53.05694,0 6.7066,53.05743,0 6.705839999999999,53.05845000000001,0 6.704980000000001,53.05946,0 6.704180000000001,53.06026000000001,0 6.703270000000001,53.06112,0 6.703200000000001,53.06119,0 6.70319,53.0612,0 6.70313,53.06126,0 6.698670000000001,53.06502,0 6.69648,53.06693000000001,0 6.69528,53.06782000000001,0 6.694500000000001,53.06832000000001,0 6.69186,53.06974,0 6.691380000000001,53.07000000000001,0 6.68912,53.07119,0 6.688910000000001,53.07132000000001,0 6.68803,53.07179000000001,0 6.68618,53.07274,0 6.685560000000001,53.07306000000001,0 6.68519,53.07325,0 6.6845,53.07360000000001,0 6.683520000000002,53.07409999999999,0 6.682010000000001,53.07488000000001,0 6.681439999999999,53.07516,0 6.680770000000001,53.07551,0 6.67972,53.07605,0 6.678800000000001,53.07652,0 6.678210000000001,53.07682,0 6.67776,53.07705000000001,0 6.67745,53.07721000000001,0 6.677110000000001,53.07739,0 6.67668,53.07761000000001,0 6.676410000000001,53.07775,0 6.676200000000001,53.07785000000001,0 6.675960000000001,53.07798,0 6.675710000000001,53.07810000000001,0 6.675380000000001,53.07827,0 6.674970000000001,53.07846000000001,0 6.674760000000001,53.07856,0 6.674480000000001,53.07868,0 6.674040000000002,53.07887,0 6.67342,53.0791,0 6.673120000000001,53.07920000000001,0 6.67292,53.07926999999999,0 6.672640000000001,53.07936,0 6.672320000000002,53.07945,0 6.67203,53.07953000000001,0 6.671790000000001,53.07959,0 6.671500000000002,53.07967000000001,0 6.67128,53.07972,0 6.671100000000001,53.07976,0 6.670870000000001,53.07981,0 6.67086,53.07981,0 6.670780000000001,53.07982,0 6.670719999999999,53.07984,0 6.670650000000001,53.07986,0 6.67048,53.0799,0 6.67046,53.0799,0 6.670430000000001,53.07991000000001,0 6.670170000000002,53.07995,0 6.670070000000001,53.07998000000001,0 6.670020000000001,53.07999,0 6.669930000000002,53.08000000000001,0 6.669470000000001,53.08009000000001,0 6.669160000000001,53.08015000000001,0 6.66865,53.08025000000001,0 6.66823,53.08033,0 6.66788,53.08041000000001,0 6.66753,53.08047000000001,0 6.667179999999999,53.08054,0 6.66682,53.08062,0 6.666540000000001,53.08067000000001,0 6.666180000000001,53.08074000000001,0 6.665970000000002,53.08078,0 6.665660000000001,53.08084,0 6.665330000000001,53.0809,0 6.665080000000001,53.08095,0 6.66485,53.081,0 6.664600000000001,53.08106,0 6.664370000000001,53.08111,0 6.664129999999999,53.08116,0 6.66387,53.08123000000001,0 6.663780000000001,53.08125,0 6.663580000000001,53.08131,0 6.66328,53.08139000000001,0 6.66291,53.08149,0 6.66269,53.08156,0 6.66234,53.08167,0 6.662150000000001,53.08173000000002,0 6.661920000000001,53.08181,0 6.66166,53.08191000000001,0 6.661500000000001,53.08198,0 6.66112,53.08213000000001,0 6.660920000000001,53.08223,0 6.660800000000001,53.08228,0 6.660500000000001,53.08241,0 6.659960000000001,53.08267000000001,0 6.659440000000001,53.08293000000001,0 6.659120000000002,53.08308,0 6.658849999999999,53.08321000000001,0 6.65882,53.08322,0 6.65873,53.08327000000001,0 6.658600000000001,53.08333,0 6.658220000000002,53.08352000000001,0 6.65781,53.08372000000001,0 6.65729,53.08398,0 6.656860000000001,53.08419000000001,0 6.656650000000002,53.08429,0 6.65645,53.0844,0 6.656310000000001,53.08447,0 6.655830000000002,53.08473000000001,0 6.65439,53.08543,0 6.654170000000002,53.08553000000001,0 6.654160000000001,53.08554,0 6.654150000000001,53.08554,0 6.65408,53.08558000000001,0 6.65406,53.08559,0 6.653830000000001,53.0857,0 6.65185,53.08669,0 6.64986,53.08769,0 6.64974,53.08775000000001,0 6.649620000000001,53.08779999999999,0 6.649400000000002,53.08790999999999,0 6.64918,53.08801,0 6.64834,53.08843,0 6.647380000000001,53.08891000000001,0 6.647240000000001,53.08898000000001,0 6.647100000000002,53.08905000000001,0 6.646450000000001,53.08940000000001,0 6.645790000000001,53.08974,0 6.645670000000001,53.0898,0 6.64554,53.08987000000001,0 6.64454,53.09043000000001,0 6.643380000000001,53.09109,0 6.64292,53.09136,0 6.641870000000001,53.09197,0 6.641390000000001,53.09224000000001,0 6.639670000000002,53.09325000000001,0 6.63942,53.09339000000001,0 6.63757,53.09448,0 6.637550000000001,53.09449,0 6.636810000000001,53.09492,0 6.63607,53.09535,0 6.63546,53.09571,0 6.633450000000001,53.09684000000001,0 6.63236,53.09746999999999,0 6.631270000000001,53.09811000000001,0 6.629130000000001,53.09935,0 6.62699,53.10059,0 6.62675,53.10073000000001,0 6.626740000000001,53.10074,0 6.626440000000001,53.10091,0 6.62642,53.10092,0 6.626090000000001,53.10112,0 6.624670000000002,53.10194,0 6.62392,53.1024,0 6.62301,53.10296,0 6.622510000000001,53.10329,0 6.61987,53.10516000000001,0 6.619790000000001,53.10523000000001,0 6.61974,53.10526,0 6.618180000000001,53.10639000000001,0 6.617430000000001,53.10692,0 6.616680000000001,53.10745000000001,0 6.616420000000002,53.10764,0 6.61616,53.10782,0 6.615530000000001,53.10827000000001,0 6.615150000000001,53.10852000000001,0 6.61462,53.10892000000001,0 6.61378,53.10953000000001,0 6.613370000000002,53.10983,0 6.61305,53.11012,0 6.61284,53.11034000000001,0 6.612610000000001,53.11059,0 6.612450000000001,53.11082,0 6.6123,53.11105000000001,0 6.612190000000001,53.11127000000001,0 6.61207,53.11155,0 6.611949999999999,53.11191,0 6.611580000000001,53.11325,0 6.611310000000001,53.11427000000001,0 6.611020000000001,53.11546000000001,0 6.610950000000001,53.11567000000001,0 
				</coordinates>
			</LineString>
		</Placemark>
	</Folder>
</Document>
</kml>
