Title : Template:Attached KML/Interstate 84 in Idaho
Text : <?xml version="1.0" encoding="UTF-8"?>
<kml xmlns="http://www.opengis.net/kml/2.2" xmlns:gx="http://www.google.com/kml/ext/2.2" xmlns:kml="http://www.opengis.net/kml/2.2" xmlns:atom="http://www.w3.org/2005/Atom">
<Document><name>Interstate 84 in Idaho</name><!-- Created with ShareMap.org -->
<atom:author></atom:author>
<atom:link href="http://sharemap.org/public/Interstate_487"/>
<decription>
<![CDATA[
Created with ShareMap.org. 
License: CC-BY-SA 3.0. 
To see interactive map visit http://sharemap.org/public/Interstate_487. 
KML file for Interstate 84 in Idaho
]]>
</decription>
<ExtendedData>
<Data name="edit">
<displayName>edit</displayName>
<value>http://sharemap.org/public/Interstate_487?action=edit</value>
</Data>
<Data name="license">
<displayName>license</displayName>
<value>CC-BY-SA 3.0</value>
</Data>
</ExtendedData>

<StyleMap id="m_ylw-pushpin">
<Pair>
<key>normal</key>
<styleUrl>#s_ylw-pushpin</styleUrl>
</Pair>
<Pair>
<key>highlight</key>
<styleUrl>#s_ylw-pushpin_hl</styleUrl>
</Pair>
</StyleMap>
<Style id="style_1">
<LineStyle>
<color>#FF0000FF</color>
<width>5</width>
</LineStyle>
</Style>
<Folder>
<name>Main container</name>
<Placemark>
<name>Interstate 84 in Idaho</name>
<styleUrl>#style_1</styleUrl>
<LineString>
<tessellate>1</tessellate>
<coordinates>
-112.83248389958536,41.99931869907427,0 
-112.8331705450701,41.99998844126437,0 
-112.83581520306988,42.002599571177576,0 
-112.83751035911028,42.004241936929056,0 
-112.84776712603836,42.014406121539174,0 
-112.85482669992818,42.02138857301484,0 
-112.86259437697412,42.0291672050458,0 
-112.87345195870137,42.03974971685146,0 
-112.89254928624528,42.05861536552425,0 
-112.91653896286788,42.08244435524429,0 
-112.92958522707768,42.095119770354074,0 
-112.93795371892276,42.10231624043169,0 
-112.9539182264426,42.11638839212432,0 
-112.96941066519176,42.13020280452758,0 
-112.97893787129232,42.14318687857577,0 
-112.98953796096276,42.15763171405342,0 
-113.00352836271402,42.172454923078035,0 
-113.0102660715329,42.17894296019827,0 
-113.0128839074434,42.18193232191583,0 
-113.01751876446532,42.185334934002775,0 
-113.02009368503302,42.18724286064777,0 
-113.02189612943044,42.18911893236601,0 
-113.02331233574267,42.19207601710783,0 
-113.02361274314224,42.1953827007087,0 
-113.02412772725576,42.19811694300617,0 
-113.02511478014009,42.199642980289575,0 
-113.02811885413576,42.20135972818214,0 
-113.0369594147516,42.20371223287295,0 
-113.0407788802604,42.20457055736913,0 
-113.0434825468565,42.20584212778112,0 
-113.04507041453992,42.207177249169085,0 
-113.04661536688052,42.20959311138408,0 
-113.04811740387838,42.21391600264491,0 
-113.04923320279104,42.21550522652072,0 
-113.0569150491514,42.22033622152808,0 
-113.06013369986108,42.221067195158774,0 
-113.07077670487432,42.21992305877626,0 
-113.07425284764076,42.22039978478843,0 
-113.07725692163643,42.221829941229586,0 
-113.0790593660338,42.22383210582686,0 
-113.07996058823252,42.226342666945555,0 
-113.08051848768886,42.22818580016091,0 
-113.08279300085702,42.23069618814548,0 
-113.08511042936796,42.233651327068806,0 
-113.08661246636578,42.23784548023968,0 
-113.08794284199246,42.240069539274074,0 
-113.09002423611804,42.24210289607939,0 
-113.09189105352962,42.244136187358215,0 
-113.09611821479494,42.24721776953383,0 
-113.10021663003192,42.24994976804914,0 
-113.1032850770418,42.251649265566215,0 
-113.10800576474928,42.25372195523036,0 
-113.11216855300044,42.255476938050826,0 
-113.1216313860868,42.2592408541524,0 
-113.12832617956286,42.261178309873955,0 
-113.1354501264669,42.26313158611496,0 
-113.13856148881956,42.26446549609156,0 
-113.14124369774429,42.26587877467969,0 
-113.14429068708274,42.2679748149196,0 
-113.14620041983714,42.26962619147806,0 
-113.14905429013302,42.27253187403953,0 
-113.1519939911145,42.27553268427179,0 
-113.1550195227816,42.278120569882695,0 
-113.1605126866594,42.28277214613276,0 
-113.1651904590241,42.2868836630964,0 
-113.16804432932,42.28956632293722,0 
-113.17126298002964,42.29274092070891,0 
-113.17430996936812,42.29570902488402,0 
-113.17744278939216,42.29875634459245,0 
-113.18063998243042,42.3018511277347,0 
-113.1862189769938,42.30738961629167,0 
-113.19038176524496,42.31137258334497,0 
-113.19211983662818,42.31297522009318,0 
-113.1944801804819,42.31481582185149,0 
-113.1973125931064,42.31694196722096,0 
-113.20063853217304,42.3191632364014,0 
-113.20308470671236,42.32092432980917,0 
-113.20859932826158,42.324842982411106,0 
-113.21336293131183,42.328222029357896,0 
-113.2268812642924,42.33777121819745,0 
-113.2349064333951,42.343369985150936,0 
-113.23909067931764,42.34689076737721,0 
-113.24385428236796,42.3509822395318,0 
-113.25284504668356,42.35867285197831,0 
-113.26434635855271,42.36848692634847,0 
-113.2764270275496,42.37879084702549,0 
-113.2854392495366,42.38657314938342,0 
-113.29820656401824,42.39742872126218,0 
-113.31088804781425,42.408266572118016,0 
-113.3262946558778,42.42143109128107,0 
-113.34084402996888,42.43380179424587,0 
-113.35657250310338,42.44721429063882,0 
-113.3674730001734,42.45655541921792,0 
-113.3712924656822,42.46040229254064,0 
-113.37665688353162,42.46681322290247,0 
-113.38371645742144,42.475344282368134,0 
-113.39440237777748,42.488162426201825,0 
-113.4052385018333,42.5011677837179,0 
-113.40978752816962,42.50657797516476,0 
-113.41131102283885,42.50798581371112,0 
-113.41285597517948,42.50917216989125,0 
-113.42015158345468,42.5142178866255,0 
-113.42779051447224,42.51962694866529,0 
-113.4468449266734,42.53044366812612,0 
-113.46441875954808,42.540468019200645,0 
-113.48079096282449,42.54973199787741,0 
-113.49990974803984,42.56059091856146,0 
-113.50628267644494,42.56425755087473,0 
-113.50769351833934,42.56502403944933,0 
-113.50925456393352,42.565857683857224,0 
-113.51323496197776,42.56809780108128,0 
-113.51630340898768,42.56984005886248,0 
-113.51958643271142,42.571688932263406,0 
-113.52043937514948,42.57206423106978,0 
-113.52147470779444,42.57235656752279,0 
-113.52260659996062,42.57244742857362,0 
-113.52367948353051,42.57238422090009,0 
-113.52476309593612,42.57215904304253,0 
-113.52586280159522,42.57172843750724,0 
-113.52724145698254,42.57091462443211,0 
-113.52868448538402,42.570116603241374,0 
-113.52975736895392,42.569757095309704,0 
-113.5309268120451,42.56951610531635,0 
-113.53609811085192,42.56905387600221,0 
-113.54456852663616,42.568678559082066,0 
-113.55837653818055,42.56876547478025,0 
-113.58591745941948,42.56882868612109,0 
-113.614112839636,42.56889189739784,0 
-113.64226530450976,42.568986714192874,0 
-113.67219875610948,42.56897091140372,0 
-113.70372007539268,42.56897091140372,0 
-113.73509119097606,42.56892350301219,0 
-113.74985406889766,42.568797080458666,0 
-113.7577075766292,42.56840200832742,0 
-113.77410123757704,42.56841781126072,0 
-113.79427144869084,42.568291387682294,0 
-113.79948566284044,42.568654854779695,0 
-113.80257556752174,42.56881288329187,0 
-113.82047126546738,42.56889189739784,0 
-113.83675763805824,42.56893930581336,0 
-113.84014795013904,42.56925536099612,0 
-113.84338805852008,42.569966479302074,0 
-113.84722898170028,42.571357087227014,0 
-113.85225007680734,42.57405920260527,0 
-113.8554258121742,42.57524430399568,0 
-113.85937402371135,42.576144965990686,0 
-113.8628287088064,42.57642938286561,0 
-113.87523124287422,42.57647678555198,0 
-113.9003581760809,42.57669799761194,0 
-113.92402598763252,42.57680860334766,0 
-113.9496636134184,42.576459009548984,0 
-113.96535990004578,42.57641950730159,0 
-113.9810454578375,42.57638790548563,0 
-113.99605509898016,42.57634050273171,0 
-114.01148316471507,42.57630890087576,0 
-114.02643916167926,42.57632470180574,0 
-114.0416097353574,42.57624569711574,0 
-114.05676958019984,42.57621409521175,0 
-114.07181140784964,42.576221995689245,0 
-114.08721801591314,42.57620619473323,0 
-114.0967237643423,42.57615089135565,0 
-114.09913775237456,42.57591387632484,0 
-114.1023242165771,42.575534650401856,0 
-114.10533901940848,42.57543194298415,0 
-114.11005970711597,42.575811169531754,0 
-114.11484476783764,42.576166692325664,0 
-114.11754843443374,42.57615879184117,0 
-114.1291677634956,42.57615089135565,0 
-114.13209673564135,42.576079786940994,0 
-114.13491841943016,42.575740064729736,0 
-114.13843747753938,42.57500531036165,0 
-114.14142009386364,42.574499667918495,0 
-114.1444992697092,42.574341653814216,0 
-114.1476642762404,42.57454707207169,0 
-114.15082928277153,42.57505271413051,0 
-114.15483113848718,42.57589807529076,0 
-114.15803906036116,42.57619039377323,0 
-114.17201873327672,42.576182493291704,0 
-114.1878759524396,42.57619039377323,0 
-114.20360442557408,42.57614299086915,0 
-114.21880718575936,42.57622989616576,0 
-114.23404213245168,42.57627729900375,0 
-114.24958821537932,42.57636420411318,0 
-114.265273773171,42.57642740775308,0 
-114.28098078863408,42.57661701828835,0 
-114.2918920145398,42.57679082743924,0 
-114.29527159778492,42.57717004572328,0 
-114.29844733315178,42.577778370237006,0 
-114.301859102904,42.5787421969268,0 
-114.30491682107818,42.57991930931523,0 
-114.3086504559014,42.58189428018015,0 
-114.31268449812416,42.5842483637232,0 
-114.31797327768189,42.5872500862803,0 
-114.32456078280096,42.591057326427325,0 
-114.3352681608284,42.5971942343352,0 
-114.3436259238378,42.60194064307697,0 
-114.35131849903388,42.60640241142471,0 
-114.35861410730908,42.61054801595585,0 
-114.36277689556022,42.61256939161999,0 
-114.3667358359331,42.614282771962486,0 
-114.3704158265778,42.61568028692238,0 
-114.38388051537984,42.62048055140115,0 
-114.39541401375608,42.62458574717238,0 
-114.4072586483676,42.62876961047265,0 
-114.41906036763632,42.63299265898995,0 
-114.43140925752569,42.637373275678456,0 
-114.44478811564213,42.64205348572889,0 
-114.4531244209801,42.64509188219607,0 
-114.45748032827385,42.646614970560066,0 
-114.46243705036667,42.64834319664803,0 
-114.46828426582252,42.65046592919238,0 
-114.4715243742036,42.65164957758939,0 
-114.47475375374896,42.6531409424978,0 
-114.47792948911582,42.65497156375839,0 
-114.4820064466814,42.657851526923174,0 
-114.48728557028691,42.66203726597611,0 
-114.49450607671226,42.667611015826154,0 
-114.50510616638272,42.67579914311135,0 
-114.5115220101306,42.68089448506506,0 
-114.51386089631296,42.683276374669056,0 
-114.51671476660886,42.68671496811573,0 
-114.5208346395172,42.69245604855059,0 
-114.52501888543976,42.69827544835078,0 
-114.53031893027496,42.705608061740314,0 
-114.53428859948352,42.71103206143572,0 
-114.53965301733297,42.71837893302644,0 
-114.54143400405896,42.720302219267,0 
-114.54510326586797,42.72364418142183,0 
-114.54721684650065,42.72512199643234,0 
-114.54945917316168,42.726560369234846,0 
-114.55176587283692,42.72782926221007,0 
-114.55440516641885,42.72909024814779,0 
-114.558460666313,42.73064280187163,0 
-114.56261272572846,42.73184068478389,0 
-114.56699009069358,42.73276272363606,0 
-114.5721506606647,42.73344045285491,0 
-114.58643074097984,42.7354735960748,0 
-114.59229941410712,42.736261618158046,0 
-114.59595794708044,42.73696294939011,0 
-114.60013146416728,42.73799523149291,0 
-114.60903639779733,42.74018581902604,0 
-114.61994762370304,42.74289636697096,0 
-114.62347741064796,42.74379460381052,0 
-114.6276187412277,42.74507890229872,0 
-114.63402385613988,42.74704075475864,0 
-114.6434115873764,42.74991645036928,0 
-114.6525740130632,42.7527683783532,0 
-114.66268057629148,42.755872261325216,0 
-114.6737634635684,42.759251693156806,0 
-114.68453521461002,42.76255217244273,0 
-114.69208831494198,42.76403299860977,0 
-114.70301026968342,42.76611239688109,0 
-114.70891112931776,42.76728596584984,0 
-114.71020931843732,42.767683714046214,0 
-114.71251601811257,42.76866429027418,0 
-114.71753711321963,42.7711294454752,0 
-114.72098106947897,42.77282270610235,0 
-114.72316975196152,42.77388589260382,0 
-114.72451085642388,42.77474430394295,0 
-114.72537989211548,42.77548457572616,0 
-114.72686047144194,42.77730371666429,0 
-114.72809375110552,42.77862630095065,0 
-114.72969234762463,42.78003980874655,0 
-114.73135531715796,42.781217051055755,0 
-114.73787844926284,42.78566595863775,0 
-114.74414408931096,42.789988573202685,0 
-114.74719107864944,42.79208284619937,0 
-114.7539931604825,42.796767147679795,0 
-114.76064503861578,42.80132514435546,0 
-114.7677689855198,42.80623701355989,0 
-114.77566540859412,42.81165968924195,0 
-114.7826498806341,42.81637398862295,0 
-114.78659809217126,42.819152030147066,0 
-114.789956217745,42.82141057248744,0 
-114.7925633248198,42.822921467647035,0 
-114.79704797814192,42.82545528185058,0 
-114.8036140255896,42.82900402094025,0 
-114.80675757444938,42.83079798445631,0 
-114.81190741558488,42.83365090865787,0 
-114.81551230437968,42.835735836157355,0 
-114.81775463104071,42.83782069331666,0 
-114.82162774072803,42.841620459576795,0 
-114.82698142974176,42.84692243436171,0 
-114.83061850504365,42.850517134661246,0 
-114.83231366108406,42.85175989266284,0 
-114.83444869938812,42.85268801207415,0 
-114.83795702866163,42.85366330896861,0 
-114.8402100841584,42.85432398521088,0 
-114.84188378252745,42.855055439949,0 
-114.84312832746848,42.85600710465014,0 
-114.8449844160444,42.85842945771134,0 
-114.84843910113942,42.863360382821526,0 
-114.84957635772348,42.86483879718211,0 
-114.85162556534196,42.86657667517431,0 
-114.85378206131746,42.86822014373826,0 
-114.85536885611728,42.86936818672754,0 
-114.85691380845792,42.87012305267345,0 
-114.85951018669704,42.87116097827502,0 
-114.86415577255468,42.87294585496963,0 
-114.86690235449356,42.874494803039845,0 
-114.87013173403888,42.87690856847272,0 
-114.87317872337738,42.879227895817905,0 
-114.88019538192442,42.88459739370757,0 
-114.8867721582078,42.88954981052403,0 
-114.89290905222754,42.8942424481192,0 
-114.90010810098144,42.89972067039443,0 
-114.90730714973536,42.90520626465095,0 
-114.91464567335336,42.910793524323786,0 
-114.92234897738514,42.91662385160892,0 
-114.9246556770604,42.91839169900745,0 
-114.9273164283137,42.91978236998464,0 
-114.93066382505174,42.921510843832245,0 
-114.93257355780612,42.922453627311114,0 
-114.9345691212461,42.92385991918999,0 
-114.93690800742844,42.925572566504215,0 
-114.93876409600436,42.92691594002066,0 
-114.9438066487828,42.93052954793688,0 
-114.94904232060384,42.9343000432153,0 
-114.95142412212898,42.93595741705959,0 
-114.95332312604768,42.936931397940626,0 
-114.9559087754511,42.93774827325262,0 
-114.95859098437582,42.93818812470132,0 
-114.96224951734912,42.938290232624,0 
-114.97652959766424,42.93824310591148,0 
-114.99076676263662,42.938195979162934,0 
-115.0040377959543,42.93820383362353,0 
-115.01803892654128,42.93812528897245,0 
-115.0326301430917,42.93810172555757,0 
-115.04701751176384,42.93810172555757,0 
-115.06124394790048,42.93805459870081,0 
-115.0655140245086,42.93815670684491,0 
-115.06772416466256,42.93833735930041,0 
-115.07073896749394,42.938675099426,0 
-115.07513779013046,42.93953122307236,0 
-115.07888215378937,42.94053656408403,0 
-115.08512633616608,42.94221733192395,0 
-115.09197133334196,42.94403942092465,0 
-115.09833353291135,42.94579077460834,0 
-115.10688441496332,42.948068245229315,0 
-115.1144375152953,42.95008648497518,0 
-115.1182033366256,42.95105238953163,0 
-115.12131469897824,42.951609937294016,0 
-115.1246942822234,42.952065395098145,0 
-115.1317860426203,42.95261508106268,0 
-115.14145272358498,42.95338463316508,0 
-115.15645163589194,42.9545625003999,0 
-115.16869323742428,42.95550477795623,0 
-115.17371433253136,42.95591270113989,0 
-115.1758922861782,42.95630530992752,0 
-115.17837064722468,42.95713763227313,0 
-115.18087046594248,42.95848031723305,0 
-115.18245833362592,42.959854379694015,0 
-115.18525855974332,42.96240612856939,0 
-115.19067662177125,42.96745435375063,0 
-115.19259708336132,42.969016628765694,0 
-115.19420640871614,42.97013139371347,0 
-115.19706027901204,42.971607248619065,0 
-115.20006435300772,42.97277691697827,0 
-115.20330446138875,42.973546216926344,0 
-115.2075208938184,42.97414281026087,0 
-115.21700518457617,42.974072161352304,0 
-115.22069590405654,42.97377386506582,0 
-115.2238716394234,42.97336174281583,0 
-115.22706883246168,42.97275729185371,0 
-115.23270147120355,42.97126537155157,0 
-115.24300115347444,42.96836463891628,0 
-115.25220649450404,42.96579743530891,0 
-115.25424497328682,42.96507514464551,0 
-115.2572061319397,42.96355202566728,0 
-115.2599097985358,42.962429290112546,0 
-115.26222722704676,42.961887543250754,0 
-115.26457684206478,42.96161666803099,0 
-115.26698010126132,42.96149889582431,0 
-115.27711885099671,42.96088255093235,0 
-115.28622763250505,42.96033293881462,0 
-115.29234306885336,42.959940355724655,0 
-115.29713885841076,42.9599874658277,0 
-115.30203120748943,42.96047426811383,0 
-115.3075479748058,42.96128454982967,0 
-115.31466119287413,42.9624544144889,0 
-115.32304041355488,42.96376557864228,0 
-115.32908074805334,42.96469201311216,0 
-115.33086173477932,42.96468416203119,0 
-115.33279292520514,42.96429160670568,0 
-115.33582918570792,42.96308252056421,0 
-115.34079663663644,42.960986191524306,0 
-115.34650437722826,42.958622828565304,0 
-115.34878961923212,42.957766970420685,0 
-115.35084955568628,42.957374370958725,0 
-115.3542505966028,42.95717021824857,0 
-115.3587459787606,42.957460743055265,0 
-115.3616320355636,42.95775911845599,0 
-115.36327354742554,42.95781408218778,0 
-115.3651940090156,42.957657042823826,0 
-115.36846630390374,42.95694250865743,0 
-115.3744851807308,42.9553877792769,0 
-115.37688843992731,42.954547580888615,0 
-115.38005344645848,42.95302420128595,0 
-115.38328282600384,42.95125734781669,0 
-115.386447832535,42.94966320982701,0 
-115.38836829412509,42.94901140752552,0 
-115.3912436220924,42.94857948653544,0 
-115.39463393417324,42.94825750709827,0 
-115.3984963150248,42.94766851596464,0 
-115.40444009000196,42.946396275881945,0 
-115.40792696160408,42.94586224134553,0 
-115.41177861361996,42.945767999475805,0 
-115.4215633117773,42.94611355229271,0 
-115.42358033288868,42.94634915537394,0 
-115.42703501798373,42.94708737252247,0 
-115.429019852588,42.94773526857624,0 
-115.4308759411639,42.94853236769861,0 
-115.43540350982882,42.9510296163459,0 
-115.4398452478081,42.95344823857081,0 
-115.44387929003088,42.95560764238185,0 
-115.44666878731256,42.95674620660927,0 
-115.45068137186394,42.957955417272515,0 
-115.45458666805833,42.95859927299572,0 
-115.45721523280454,42.95887408741141,0 
-115.46334139798856,42.958854457851,0 
-115.47227851812572,42.95863068041963,0 
-115.47953121105812,42.95848934688576,0 
-115.48169843586928,42.95876416179242,0 
-115.48386566068044,42.95940800905308,0 
-115.4858612241204,42.960420877083045,0 
-115.48842487941066,42.962383359585075,0 
-115.49345670335342,42.96641883402201,0 
-115.49975399346684,42.97140392815764,0 
-115.5075002128414,42.97750324959624,0 
-115.51467780392392,42.98288773327748,0 
-115.52191976802064,42.98831098575352,0 
-115.5286896633466,42.99336493213765,0 
-115.53115729555732,42.995468004759424,0 
-115.53449396345968,42.998614631996894,0 
-115.53803447924028,43.00202002704051,0 
-115.539611618088,43.003032193326405,0 
-115.54408554257444,43.00566060928887,0 
-115.5462098520428,43.0072454505348,0 
-115.54816250013998,43.00903423212622,0 
-115.55050138632232,43.01164670111272,0 
-115.55289391668316,43.015318091322435,0 
-115.55663828034209,43.02115420856386,0 
-115.5601787961227,43.02679369265681,0 
-115.56251768230504,43.030409278457874,0 
-115.56423429601682,43.03267577353193,0 
-115.56692723377724,43.03556170839664,0 
-115.57091836065725,43.03982762438285,0 
-115.57581070973586,43.045089035038224,0 
-115.58071378765024,43.05030295361949,0 
-115.58656100310613,43.05660610696527,0 
-115.59270862596154,43.06319863755956,0 
-115.59887770648837,43.06979045930902,0 
-115.6051111600294,43.07655398181281,0 
-115.60752514806164,43.0793673246364,0 
-115.61111930802076,43.084029822856785,0 
-115.615206994422,43.089310946843,0 
-115.61953071520864,43.09491282844979,0 
-115.6228137389325,43.09908060929745,0 
-115.62428358942324,43.10050636393816,0 
-115.62590364361375,43.10188508410218,0 
-115.63061360248555,43.10536308110438,0 
-115.635763443621,43.10923251221444,0 
-115.63927177289456,43.11188770904647,0 
-115.64173940510524,43.1142686725492,0 
-115.64416412197318,43.11698630386197,0 
-115.64777973960368,43.12123872391801,0 
-115.65191034134772,43.12592935643359,0 
-115.65692070761912,43.13179409875468,0 
-115.66032174853564,43.13576363855864,0 
-115.66377643363066,43.139678119744055,0 
-115.66712383036872,43.14294260540145,0 
-115.671780145062,43.14662962058372,0 
-115.67498806693597,43.14878223363294,0 
-115.6801271792357,43.15162356678188,0 
-115.6857276314705,43.15454303597568,0 
-115.69176796596896,43.15773629029001,0 
-115.6969607224472,43.16023286063587,0 
-115.70255044584628,43.162549336235536,0 
-115.70878389938731,43.16498310618249,0 
-115.71374062148016,43.166806413705054,0 
-115.71762446000314,43.16787063671928,0 
-115.72797778645251,43.17010074980793,0 
-115.73611024391224,43.17183783411433,0 
-115.742708477867,43.17307410726556,0 
-115.75163486916844,43.174638974100425,0 
-115.75664523543982,43.17557787495399,0 
-115.76183799191809,43.17693143161065,0 
-115.76650503544704,43.17843360965216,0 
-115.77088240041216,43.18020175103763,0 
-115.77579620716224,43.182572231933385,0 
-115.7809460482977,43.18563103331265,0 
-115.78499081935614,43.18855669991617,0 
-115.78790906266624,43.191059832751506,0 
-115.79256537735952,43.1953696740407,0 
-115.79862716952935,43.20107133752316,0 
-115.8041310622429,43.20620941729718,0 
-115.80946329358518,43.211124207338834,0 
-115.8156860182905,43.216969046650405,0 
-115.82188728532444,43.2227546903049,0 
-115.8288497632512,43.22925076646777,0 
-115.8361453715264,43.23599666547819,0 
-115.842679232467,43.242116574346504,0 
-115.8492774664218,43.24826712770631,0 
-115.85582205619808,43.25438580404146,0 
-115.86149761028275,43.259644404979184,0 
-115.86366483509391,43.26164458566293,0 
-115.87085315501216,43.26840252255402,0 
-115.87775179636648,43.274808197778505,0 
-115.8859915421832,43.28243944526231,0 
-115.8934695406653,43.28939773058877,0 
-115.9015376251108,43.29688659434489,0 
-115.90918728496408,43.30404661617138,0 
-115.91613957049692,43.31045634560475,0 
-115.92369267082891,43.31748206900536,0 
-115.93117066931096,43.324444540082375,0 
-115.9384126334077,43.33114087264737,0 
-115.944635358113,43.33688445780128,0 
-115.95134088042478,43.34312686901361,0 
-115.95691987498816,43.34830758289848,0 
-115.9622842928376,43.3533162262093,0 
-115.96893617097088,43.35943213969978,0 
-115.97404309676352,43.364182468548115,0 
-115.97920366673463,43.36897142191623,0 
-115.98376342190669,43.37322188626384,0 
-115.98762580275825,43.376785807484296,0 
-115.99022218099736,43.37917983388565,0 
-115.99644490570267,43.3849422655201,0 
-116.0011334069031,43.38929296735692,0 
-116.0055107718682,43.39337049220289,0 
-116.01083227437482,43.398352028799,0 
-116.01543494488962,43.4029590009308,0 
-116.02220484021557,43.40964667204505,0 
-116.02622815360264,43.413465640162926,0 
-116.02997251726156,43.41641932993109,0 
-116.03313752379267,43.418671518983686,0 
-116.0367531414232,43.4209703798902,0 
-116.03919931596252,43.422334069688915,0 
-116.04762145198612,43.42672883807724,0 
-116.05325409072802,43.42959617452836,0 
-116.0571164715796,43.43178554378468,0 
-116.05975576516148,43.43365540499702,0 
-116.06154748072323,43.43511619387063,0 
-116.06326409443504,43.43667043451281,0 
-116.06719084830084,43.44041758739663,0 
-116.07248016430034,43.44541083377573,0 
-116.07786603982116,43.45042703446006,0 
-116.08420678171916,43.456416331632894,0 
-116.08829446812044,43.45987412127262,0 
-116.09082647334534,43.462249290124966,0 
-116.094045124055,43.4653719111218,0 
-116.09797187792078,43.4698959212335,0 
-116.10156603787988,43.47404587712262,0 
-116.1041302296119,43.47686425877846,0 
-116.10581465681662,43.47838239331689,0 
-116.1069733710721,43.47938278420211,0 
-116.10823937368455,43.480379266049034,0 
-116.11144729555848,43.4825239817702,0 
-116.11527748990298,43.48461023834642,0 
-116.1188287345193,43.48652517163639,0 
-116.12206884290032,43.4886969127565,0 
-116.12554498566676,43.4912499709184,0 
-116.12774439698504,43.49308686064157,0 
-116.12937518001124,43.494705767975994,0 
-116.13116689557296,43.49668264403693,0 
-116.1327225767493,43.49816136728264,0 
-116.13432117326842,43.49953109966469,0 
-116.13675661897206,43.50135217300713,0 
-116.14020057523136,43.50448833722821,0 
-116.14249654607092,43.50733642460791,0 
-116.1438054640262,43.509266199790474,0 
-116.14575811212336,43.51284545814765,0 
-116.14798970994872,43.517980545024855,0 
-116.15032859613108,43.52321632757992,0 
-116.15263529580632,43.52828830172791,0 
-116.15490980897448,43.53338318377635,0 
-116.15627237110824,43.53614435221555,0 
-116.15782805228456,43.53851652271994,0 
-116.1592442585968,43.5403053108867,0 
-116.16134711039378,43.54262287923968,0 
-116.16366453890473,43.54471483591137,0 
-116.1666686129004,43.54704001111249,0 
-116.16986580593864,43.5492484556762,0 
-116.17486544337432,43.55273203471751,0 
-116.18129201595792,43.5572106261933,0 
-116.1859054153084,43.560468281352534,0 
-116.18976779615998,43.56317378945625,0 
-116.19304009104812,43.56503958632528,0 
-116.19675226819992,43.566594372906586,0 
-116.20001383425236,43.5675349993047,0 
-116.20738454437748,43.56933847330098,0 
-116.21190138420668,43.57048116379117,0 
-116.21544189998733,43.57135177056579,0 
-116.21710486952064,43.57174043024126,0 
-116.22052736810856,43.572136860526385,0 
-116.22422881642464,43.57218349921189,0 
-116.231234746136,43.572121314289845,0 
-116.2347859907523,43.572152406758896,0 
-116.2368566560422,43.57246333056651,0 
-116.23850889673982,43.5730229893751,0 
-116.24090142710064,43.57418115566907,0 
-116.24410934897462,43.575766796887734,0 
-116.24960251285238,43.57839389485292,0 
-116.25456996378097,43.5808032626325,0 
-116.25936575333832,43.58316590385386,0 
-116.2652880706441,43.5860025051959,0 
-116.27052374246512,43.58854367562464,0 
-116.27551265106509,43.590983719961535,0 
-116.28435321168094,43.59517974321451,0 
-116.28722853964824,43.59620539328924,0 
-116.2900287657656,43.59684253074486,0 
-116.2920779733841,43.597161096942834,0 
-116.29410572333116,43.59733203420745,0 
-116.29547901430062,43.59739419309235,0 
-116.3002855326937,43.59739419309235,0 
-116.30694813966268,43.59737088351803,0 
-116.3139326117026,43.59739419309235,0 
-116.32159300039156,43.59737088351803,0 
-116.33356638103147,43.59738642323524,0 
-116.34739585024728,43.59737865337715,0 
-116.3506896028068,43.59721548612515,0 
-116.35396189769496,43.59666382213926,0 
-116.35694451401925,43.5959256722753,0 
-116.35889716211642,43.59528075498277,0 
-116.36286683132498,43.59437164296436,0 
-116.36671848334086,43.59381218258813,0 
-116.36976547267936,43.59361015395183,0 
-116.37417502415155,43.593563531862536,0 
-116.37903518672314,43.59360238360614,0 
-116.38946361502244,43.59354022080424,0 
-116.39414138738714,43.593579072562896,0 
-116.40848584071644,43.59364900566524,0 
-116.4210707649912,43.59368008701798,0 
-116.43408484269386,43.59361792429645,0 
-116.44005007534244,43.59358684291161,0 
-116.4439875580439,43.593812182588,0 
-116.45008153672084,43.5945037370163,0 
-116.45584292149113,43.59512535219203,0 
-116.4663142651332,43.59634525330854,0 
-116.47467202814256,43.597231025882394,0 
-116.48137755045433,43.59805462727891,0 
-116.48943490606416,43.59897145330969,0 
-116.49391955938628,43.599328856283,0 
-116.49936980792128,43.59962410061618,0 
-116.50539941358404,43.59967848757218,0 
-116.51024884731991,43.59956194403484,0 
-116.51426143187128,43.59938324350587,0 
-116.52087039466176,43.59897922296209,0 
-116.53011865103414,43.598443114590765,0 
-116.53531140751237,43.59837318705973,0 
-116.54096550392566,43.59827218048255,0 
-116.54645866780346,43.59851304204051,0 
-116.55301398641546,43.59906468907259,0 
-116.55701584213112,43.59939101310508,0 
-116.5617794451814,43.59981056997486,0 
-116.56902140927812,43.600401052464896,0 
-116.57338804540754,43.60082060229146,0 
-116.57795852941526,43.60117022491206,0 
-116.58078021320404,43.60160530800257,0 
-116.58387011788533,43.60240554189989,0 
-116.5857798506397,43.60305426739274,0 
-116.58756083736571,43.60387002005963,0 
-116.58958858731282,43.60493048198959,0 
-116.59285015336526,43.60725333327495,0 
-116.59649795750286,43.61000334893239,0 
-116.59908360690623,43.61193760665662,0 
-116.60317129330753,43.61506025290088,0 
-116.6061217231247,43.61725843646419,0 
-116.61107790877578,43.62073808219632,0 
-116.6156913081263,43.623759307672216,0 
-116.62135613337529,43.62752591855444,0 
-116.6266883647176,43.63108262514966,0 
-116.62967098104184,43.632853134245735,0 
-116.63273942805172,43.6345770008792,0 
-116.6377819808302,43.63737235517226,0 
-116.6419984132598,43.63981041913105,0 
-116.64407980738538,43.64124681177447,0 
-116.64622557452516,43.64318006441424,0 
-116.64807093426536,43.64551696547424,0 
-116.64911163132814,43.6471705980091,0 
-116.65185821326703,43.65147138212764,0 
-116.65549528856896,43.657215631411745,0 
-116.65770542872288,43.66066967892195,0 
-116.65907871969236,43.66217542620406,0 
-116.66013014559088,43.66293604707225,0 
-116.66152489423168,43.66367337442941,0 
-116.66365993253577,43.664550394125264,0 
-116.66997921676236,43.66697959417372,0 
-116.67334807117184,43.668322208886806,0 
-116.67497885419805,43.66899738528401,0 
-116.6763199586604,43.66970359614747,0 
-116.67831552210036,43.67103838958959,0 
-116.68151271513862,43.67321900570901,0 
-116.68503177324786,43.67561681595275,0 
-116.68642652188868,43.67667989210396,0 
-116.6872848287446,43.67751016475832,0 
-116.6882504239575,43.67874391318391,0 
-116.6890443577992,43.6802414479428,0 
-116.68952715540564,43.681622560857235,0 
-116.68973100328394,43.682848465910006,0 
-116.6900206818478,43.68498598093922,0 
-116.69018697880112,43.6862467299559,0 
-116.69034791133662,43.68694497954805,0 
-116.6909111752108,43.68791863624342,0 
-116.6922791017624,43.68960989078081,0 
-116.69327151906454,43.69077744923009,0 
-116.694859386748,43.69274013746377,0 
-116.69605028751054,43.694159749395254,0 
-116.69727873919804,43.69602536315381,0 
-116.69789564725076,43.697332421791614,0 
-116.69843208903568,43.69889154646397,0 
-116.69878614061376,43.700311012773426,0 
-116.69893097989568,43.70188169452225,0 
-116.69910264126688,43.70428611526361,0 
-116.699204565206,43.706035076860445,0 
-116.69932258239868,43.70853239698332,0 
-116.69962298979826,43.71035103203057,0 
-116.70028817761158,43.71243715950095,0 
-116.70080316172512,43.713771002204254,0 
-116.70193505389136,43.716857338354146,0 
-116.70308303931115,43.72000554762859,0 
-116.70430612658082,43.72339395257328,0 
-116.70558822244682,43.72687132679906,0 
-116.70681130971649,43.73017406388981,0 
-116.70802366815045,43.73354638918972,0 
-116.7092574842558,43.73691077278008,0 
-116.7106254108074,43.740569131597496,0 
-116.71186459133057,43.74394474697905,0 
-116.71310913627164,43.7474093023727,0 
-116.71419811309508,43.75033502910729,0 
-116.71542120036474,43.75376434128996,0 
-116.71635997348842,43.75622867479734,0 
-116.71869885967074,43.76265251363989,0 
-116.72103774585312,43.76899818620892,0 
-116.7226470712079,43.77340644399045,0 
-116.7238272431348,43.77574601999459,0 
-116.72560822986078,43.77849606680448,0 
-116.72721755521562,43.780479120662925,0 
-116.7292667628341,43.782717723522126,0 
-116.7320455312801,43.78549843179249,0 
-116.73686277850886,43.79025399517475,0 
-116.74239885772948,43.79565195305435,0 
-116.74784910626448,43.801072653892845,0 
-116.75003778874704,43.80379056305132,0 
-116.75172221595176,43.806291549697434,0 
-116.752569793972,43.8077549267603,0 
-116.75370705055606,43.81053447018241,0 
-116.7550696126898,43.813817106955334,0 
-116.75702226078698,43.818702017709406,0 
-116.7587174168274,43.82294405654752,0 
-116.75998341943988,43.82604024496801,0 
-116.76084172629578,43.82864865907298,0 
-116.7621291865796,43.833338873624314,0 
-116.76359903707036,43.83946810333676,0 
-116.76501524338263,43.845472899602875,0 
-116.76645290736624,43.851055425048685,0 
-116.76751506210044,43.853883240980984,0 
-116.76903855676969,43.856803758262814,0 
-116.7706156956174,43.859143937091936,0 
-116.77277219159284,43.861681283408664,0 
-116.77512180661093,43.864056079840275,0 
-116.77677404730854,43.865471630105645,0 
-116.77876961074853,43.86681753197042,0 
-116.78196680378676,43.86899875666432,0 
-116.78636562642332,43.87169810507455,0 
-116.78960573480434,43.873863683032674,0 
-116.7930175045566,43.87609105254967,0 
-116.79522764471056,43.877900728980265,0 
-116.79677259705116,43.87935075055952,0 
-116.79817807452773,43.88086260214797,0 
-116.8000127054322,43.88301238131085,0 
-116.80150401359435,43.88527033920228,0 
-116.80228721860036,43.88656939947839,0 
-116.80358540771994,43.8894148610896,0 
-116.80511963122484,43.892476673375214,0 
-116.80660021055132,43.89560017824764,0 
-116.80854212981278,43.89946567524994,0 
-116.80995833612504,43.90157613070152,0 
-116.81170713634394,43.90368651134334,0 
-116.81358468259124,43.905626758670735,0 
-116.81563389020972,43.907311862406154,0 
-116.82166349587249,43.91213501490679,0 
-116.82650220077264,43.91608445286877,0 
-116.83111560012314,43.91979405800624,0 
-116.83571827063793,43.92350343187009,0 
-116.8388403618263,43.925744399839004,0 
-116.84169423212218,43.92758347599795,0 
-116.84580337619484,43.92982429026488,0 
-116.84841048326965,43.93123827789256,0 
-116.85832392745536,43.93649987096525,0 
-116.86618816402265,43.94074125685465,0 
-116.87424551963244,43.94499006502201,0 
-116.88118707632962,43.94868241894306,0 
-116.88788186980568,43.95227413310979,0 
-116.89267765936307,43.95496198364318,0 
-116.89571391986584,43.95691600555751,0 
-116.90002691181677,43.96018286310069,0 
-116.90485488788124,43.964036442848794,0 
-116.90826665763346,43.966808703334415,0 
-116.91253673424164,43.97022944811313,0 
-116.91814791531208,43.97480815025939,0 
-116.9210876162936,43.97731740724948,0 
-116.92376982521829,43.979772516072195,0 
-116.9273854428488,43.98367114379853,0 
-116.930121295952,43.98695196874206,0 
-116.93257819932704,43.99028664497247,0 
-116.93433772838164,43.992999790754,0 
-116.93597924024355,43.995751403667555,0 
-116.9375992944341,43.99893894718655,0 
-116.93904768725344,44.00219577604215,0 
-116.94067847027964,44.006170099844894,0 
-116.94121088875104,44.00732429812875,0 
</coordinates>
</LineString>
</Placemark>
</Folder>
</Document>
</kml>
